null,null,null,null,null,null
0.33431313508533594,0.5604389905929565,0.0,1.0,0.0,0.0
0.32453209263568256,0.5613372921943665,0.0,1.0,0.0,0.0
0.3147876364165677,0.5622888207435608,0.0,1.0,0.0,0.0
0.3044965540934383,0.5633611679077148,0.0,1.0,0.0,0.0
0.29430614051428416,0.5644985437393188,0.0,1.0,0.0,0.0
0.28389760054032764,0.565746545791626,0.0,1.0,0.0,0.0
0.27401323676411354,0.5670217275619507,0.0,1.0,0.0,0.0
0.26379150977102367,0.5684437155723572,0.0,1.0,0.0,0.0
0.2537286627702327,0.5699589252471924,0.0,1.0,0.0,0.0
0.24351748141034843,0.5716285705566406,0.0,1.0,0.0,0.0
0.23313452915377125,0.5706483125686646,0.0,1.0,0.0,1.0
0.22298437336763674,0.5696008205413818,0.0,1.0,0.0,1.0
0.21265960001081513,0.5684314966201782,0.0,1.0,0.0,1.0
0.20233896727071232,0.5671418309211731,0.0,1.0,0.0,1.0
0.19208945285761128,0.565721869468689,0.0,1.0,0.0,1.0
0.1818960955587586,0.5641483068466187,0.0,1.0,0.0,1.0
0.1716208640340058,0.5623694062232971,0.0,1.0,0.0,1.0
0.16498272759102714,0.5554013252258301,0.0,1.0,0.0,1.0
0.15894650095497223,0.54819655418396,0.0,1.0,0.0,1.0
0.15312764052236896,0.5402445197105408,0.0,1.0,0.0,1.0
0.14765075297759794,0.5315681099891663,0.0,1.0,0.0,1.0
0.14282712859163393,0.5226202607154846,0.0,1.0,0.0,1.0
0.13841053006398232,0.5128986835479736,0.0,1.0,0.0,1.0
0.1344957386992213,0.5024370551109314,0.0,1.0,0.0,1.0
0.13124013836837442,0.49156925082206726,0.0,1.0,0.0,1.0
0.1286083801736336,0.4801162779331207,0.0,1.0,0.0,1.0
0.12658369138243095,0.46759775280952454,0.0,1.0,0.0,1.0
0.12545081217846052,0.45606866478919983,0.0,1.0,0.0,1.0
0.1249807470480332,0.44382479786872864,0.0,1.0,0.0,1.0
0.12525744861255056,0.43148455023765564,0.0,1.0,0.0,1.0
0.12628322979463283,0.4192543923854828,0.0,1.0,0.0,1.0
0.12802110000664002,0.4073975384235382,0.0,1.0,0.0,1.0
0.13048225185314008,0.3957817852497101,0.0,1.0,0.0,1.0
0.12994846813066738,0.38687968254089355,0.0,1.0,0.0,0.0
0.12982370779058822,0.3779468536376953,0.0,1.0,0.0,0.0
0.130126037508195,0.36870062351226807,0.0,1.0,0.0,0.0
0.13079825692791766,0.36017268896102905,0.0,1.0,0.0,0.0
0.1318852335137323,0.35145998001098633,0.0,1.0,0.0,0.0
0.1334529987803045,0.3424481153488159,0.0,1.0,0.0,0.0
0.1352278919285198,0.33451128005981445,0.0,1.0,0.0,0.0
0.1374363205866181,0.3264428377151489,0.0,1.0,0.0,0.0
0.14001338543981776,0.31857264041900635,0.0,1.0,0.0,0.0
0.14003319893778846,0.31417784094810486,0.0,1.0,1.0,0.0
0.1403744763314062,0.30568960309028625,0.0,1.0,1.0,0.0
0.14071905327897175,0.30118557810783386,0.0,1.0,1.0,0.0
0.14112960513120873,0.2971130907535553,0.0,1.0,1.0,0.0
0.1416373806049166,0.2930271029472351,0.0,1.0,1.0,0.0
0.1422608507324893,0.2888294756412506,0.0,1.0,1.0,0.0
0.14297894042179965,0.28468993306159973,0.0,1.0,1.0,0.0
0.1438279447662731,0.2804284393787384,0.0,1.0,1.0,0.0
0.1446947408232101,0.276572585105896,0.0,1.0,1.0,0.0
0.1456989535975014,0.2725614011287689,0.0,1.0,1.0,0.0
0.14678880920587828,0.2686268389225006,0.0,1.0,1.0,0.0
0.14801336425188782,0.2646070718765259,0.0,1.0,1.0,0.0
0.1492366091808887,0.2609270215034485,0.0,1.0,1.0,0.0
0.15058167881741227,0.2571928799152374,0.0,1.0,1.0,0.0
0.15201536735628807,0.25350886583328247,0.0,1.0,1.0,0.0
0.15357595932788068,0.24978743493556976,0.0,1.0,1.0,0.0
0.15510371750283614,0.24639004468917847,0.0,1.0,1.0,0.0
0.1567750224488038,0.24291051924228668,0.0,1.0,1.0,0.0
0.15850654425431834,0.2395307570695877,0.0,1.0,1.0,0.0
0.16030811688408686,0.23622527718544006,0.0,1.0,1.0,0.0
0.1622216317338188,0.23292025923728943,0.0,1.0,1.0,0.0
0.16412088086501184,0.22982436418533325,0.0,1.0,1.0,0.0
0.15997185351852697,0.23094981908798218,0.0,1.0,1.0,0.0
0.15628623558457969,0.23200172185897827,0.0,1.0,1.0,0.0
0.15221131880764727,0.23322650790214539,0.0,1.0,1.0,0.0
0.14848754573760783,0.23440717160701752,0.0,1.0,1.0,0.0
0.1445844969030727,0.23571306467056274,0.0,1.0,1.0,0.0
0.14070203793214303,0.23708756268024445,0.0,1.0,1.0,0.0
0.13684495641289993,0.23853439092636108,0.0,1.0,1.0,0.0
0.13277369502416456,0.24015799164772034,0.0,1.0,1.0,0.0
0.12915316240926553,0.24169304966926575,0.0,1.0,1.0,0.0
0.12534509705785932,0.24340951442718506,0.0,1.0,1.0,0.0
0.1215022246471609,0.24525834619998932,0.0,1.0,1.0,0.0
0.11773216886329031,0.2471981942653656,0.0,1.0,1.0,0.0
0.1102415910404759,0.24706435203552246,0.0,1.0,1.0,0.0
0.10275259021035711,0.24691100418567657,0.0,1.0,1.0,0.0
0.09522799786816934,0.246732696890831,0.0,1.0,1.0,0.0
0.0878603607784776,0.2465284913778305,0.0,1.0,1.0,0.0
0.0805486947987676,0.2611764371395111,1.0,0.0,1.0,0.0
0.07401930615465097,0.27866387367248535,1.0,0.0,1.0,0.0
0.06837121381312904,0.3000375032424927,1.0,0.0,1.0,0.0
0.0644475912892725,0.32255154848098755,1.0,0.0,1.0,0.0
0.06188697972653053,0.34856414794921875,1.0,0.0,1.0,0.0
0.061091609307992435,0.37592941522598267,1.0,0.0,1.0,0.0
0.062148279329053924,0.40361055731773376,1.0,0.0,1.0,0.0
0.0648973091703552,0.4289701581001282,1.0,0.0,1.0,0.0
0.06205422586725831,0.4464927613735199,0.0,1.0,1.0,0.0
0.06005723553750451,0.46509861946105957,0.0,1.0,1.0,0.0
0.0589233777893486,0.484891414642334,0.0,1.0,1.0,0.0
0.05874424759340941,0.5062268972396851,0.0,1.0,1.0,0.0
0.059480719356551345,0.525206446647644,0.0,1.0,1.0,0.0
0.061141830459991636,0.5444254279136658,0.0,1.0,1.0,0.0
0.06365424669981262,0.5624628067016602,0.0,1.0,1.0,0.0
0.06689361613660758,0.5788356065750122,0.0,1.0,1.0,0.0
0.07076854193473736,0.5935452580451965,0.0,1.0,1.0,0.0
0.07522789718229554,0.6067481637001038,0.0,1.0,1.0,0.0
0.08021745354840763,0.6185567378997803,0.0,1.0,1.0,0.0
0.0853763304071779,0.6285470724105835,0.0,1.0,1.0,0.0
0.090969260352921,0.6375707983970642,0.0,1.0,1.0,0.0
0.09680339739681679,0.6455057859420776,0.0,1.0,1.0,0.0
0.10282773593408925,0.6524989008903503,0.0,1.0,1.0,0.0
0.10907430913431472,0.6587502360343933,0.0,1.0,1.0,0.0
0.1156118091818863,0.6644313335418701,0.0,1.0,1.0,0.0
0.11815274068450103,0.6688919067382812,0.0,1.0,0.0,0.0
0.12054674499073549,0.6727917194366455,0.0,1.0,0.0,0.0
0.12324582055572453,0.6768826842308044,0.0,1.0,0.0,0.0
0.12585814534817,0.6805715560913086,0.0,1.0,0.0,0.0
0.12863846434198095,0.6842402219772339,0.0,1.0,0.0,0.0
0.13145295959800582,0.6877146363258362,0.0,1.0,0.0,0.0
0.1314313750159308,0.6876526474952698,0.0,1.0,0.0,1.0
0.1314098793924181,0.6875908970832825,0.0,1.0,0.0,1.0
0.1313883271589112,0.6875287294387817,0.0,1.0,0.0,1.0
0.13136684770968254,0.6874669790267944,0.0,1.0,0.0,1.0
0.13134470511480753,0.6874030828475952,0.0,1.0,0.0,1.0
0.13132390498550933,0.6873430609703064,0.0,1.0,0.0,1.0
0.131302239532014,0.6872804164886475,0.0,1.0,0.0,1.0
0.1312808005184955,0.6872183680534363,0.0,1.0,0.0,1.0
0.13125935341783498,0.6871562004089355,0.0,1.0,0.0,1.0
0.13123791440431648,0.68709397315979,0.0,1.0,0.0,1.0
0.13121663713363857,0.6870320439338684,0.0,1.0,0.0,1.0
0.13119516577155194,0.6869694590568542,0.0,1.0,0.0,1.0
0.1311732981395059,0.6869058012962341,0.0,1.0,0.0,1.0
0.13115245757449756,0.6868448853492737,0.0,1.0,0.0,1.0
0.13113119647810367,0.6867828369140625,0.0,1.0,0.0,1.0
0.13110986259743157,0.6867203712463379,0.0,1.0,0.0,1.0
0.13108853680390145,0.6866578459739685,0.0,1.0,0.0,1.0
0.1310674212760641,0.6865959763526917,0.0,1.0,0.0,1.0
0.131046087395392,0.6865332722663879,0.0,1.0,0.0,1.0
0.1310250203904068,0.6864712238311768,0.0,1.0,0.0,1.0
0.13100369459687672,0.6864084005355835,0.0,1.0,0.0,1.0
0.13098172991912635,0.6863437294960022,0.0,1.0,0.0,1.0
0.1309613988440658,0.6862837076187134,0.0,1.0,0.0,1.0
0.13094021861909222,0.6862211227416992,0.0,1.0,0.0,1.0
0.13091914352696502,0.6861586570739746,0.0,1.0,0.0,1.0
0.13089798756341753,0.6860959529876709,0.0,1.0,0.0,1.0
0.12525360722008685,0.681981086730957,0.0,1.0,0.0,1.0
0.11963449110845432,0.6774246096611023,0.0,1.0,0.0,1.0
0.11402446494446222,0.6723287105560303,0.0,1.0,0.0,1.0
0.10871994674489427,0.6669040322303772,0.0,1.0,0.0,1.0
0.10352445130701733,0.660893440246582,0.0,1.0,0.0,1.0
0.09849634353485368,0.654264509677887,0.0,1.0,0.0,1.0
0.09358758580475189,0.6468231678009033,0.0,1.0,0.0,1.0
0.08897087903473823,0.6387021541595459,0.0,1.0,0.0,1.0
0.08456049143216478,0.6296061873435974,0.0,1.0,0.0,1.0
0.08050865535858272,0.619687557220459,0.0,1.0,0.0,1.0
0.0767687727016218,0.6086580157279968,0.0,1.0,0.0,1.0
0.07330196048240728,0.5960252285003662,0.0,1.0,0.0,1.0
0.07057464461745348,0.5834697484970093,0.0,1.0,0.0,1.0
0.06822354259968211,0.5693219900131226,0.0,1.0,0.0,1.0
0.0664529639417392,0.5543534755706787,0.0,1.0,0.0,1.0
0.06529631662734597,0.5386607050895691,0.0,1.0,0.0,1.0
0.06479373714239163,0.5225909948348999,0.0,1.0,0.0,1.0
0.06495418604024415,0.5065616369247437,0.0,1.0,0.0,1.0
0.06577032019594134,0.49071675539016724,0.0,1.0,0.0,1.0
0.06726473508431183,0.4750174283981323,0.0,1.0,0.0,1.0
0.06940962711106038,0.4599725902080536,0.0,1.0,0.0,1.0
0.07193479677386087,0.4468538463115692,0.0,1.0,0.0,1.0
0.07504133490283184,0.43423712253570557,0.0,1.0,0.0,1.0
0.07549427146644204,0.4281400144100189,0.0,1.0,0.0,0.0
0.07605059405374916,0.4221819043159485,0.0,1.0,0.0,0.0
0.07421251606486239,0.4068315327167511,0.0,1.0,0.0,0.0
0.07308824158001068,0.3906952738761902,0.0,1.0,0.0,0.0
0.07273495478048005,0.3738674223423004,0.0,1.0,0.0,0.0
0.07133896041060077,0.36567118763923645,0.0,1.0,1.0,0.0
0.07011055588498548,0.35694360733032227,0.0,1.0,1.0,0.0
0.06909947712711167,0.34792661666870117,0.0,1.0,1.0,0.0
0.06831945610414435,0.33871638774871826,0.0,1.0,1.0,0.0
0.0677717220616719,0.32929569482803345,0.0,1.0,1.0,0.0
0.06746376773678403,0.31970223784446716,0.0,1.0,1.0,0.0
0.0674018808824082,0.31017541885375977,0.0,1.0,1.0,0.0
0.06758598062712412,0.3005226254463196,0.0,1.0,1.0,0.0
0.06804255236107629,0.29051995277404785,0.0,1.0,1.0,0.0
0.06867850094879953,0.2816784679889679,0.0,1.0,1.0,0.0
0.06958168105772432,0.2724911570549011,0.0,1.0,1.0,0.0
0.07068847114150964,0.2637235224246979,0.0,1.0,1.0,0.0
0.07202011612226532,0.25514957308769226,0.0,1.0,1.0,0.0
0.07202011612226532,0.25514957308769226,0.0,0.0,1.0,0.0
0.07202011612226532,0.25514957308769226,0.0,0.0,1.0,0.0
0.07202011612226532,0.25514957308769226,0.0,0.0,1.0,0.0
0.07202010803512328,0.25514957308769226,0.0,0.0,1.0,0.0
0.07202011612226532,0.25514957308769226,0.0,0.0,1.0,0.0
0.07202011612226532,0.25514957308769226,0.0,0.0,1.0,0.0
0.07202010803512328,0.25514957308769226,0.0,0.0,1.0,0.0
0.07202009994798125,0.25514957308769226,0.0,0.0,1.0,0.0
0.07202010803512328,0.25514957308769226,0.0,0.0,1.0,0.0
0.07202009994798125,0.25514957308769226,0.0,0.0,1.0,0.0
0.07202010803512328,0.25514957308769226,0.0,0.0,1.0,0.0
0.07202010803512328,0.25514957308769226,0.0,0.0,1.0,0.0
0.07202009994798125,0.25514957308769226,0.0,0.0,1.0,0.0
0.06666693758910971,0.25556325912475586,0.0,0.0,1.0,0.0
0.06139982646499624,0.2560407221317291,0.0,0.0,1.0,0.0
0.055686345536599985,0.2566608488559723,0.0,0.0,1.0,0.0
0.05076884964953603,0.25730645656585693,0.0,0.0,1.0,0.0
0.045471589659938964,0.2581583261489868,0.0,0.0,1.0,0.0
0.04017896764629546,0.25923416018486023,0.0,0.0,1.0,0.0
0.03492919535469184,0.23640678822994232,0.0,0.0,1.0,0.0
0.211999576001272,0.25,1.0,0.0,1.0,0.0
0.20843718993756044,0.2488716095685959,1.0,0.0,1.0,0.0
0.2046829768649244,0.247636079788208,1.0,0.0,1.0,0.0
0.20036185513606544,0.24615122377872467,1.0,0.0,1.0,0.0
0.19728731782810266,0.24505114555358887,1.0,0.0,1.0,0.0
0.1935847168958948,0.24367518723011017,1.0,0.0,1.0,0.0
0.18988756669741436,0.24224185943603516,1.0,0.0,1.0,0.0
0.1861578253165576,0.2407316416501999,1.0,0.0,1.0,0.0
0.18255875597660318,0.23920881748199463,1.0,0.0,1.0,0.0
0.17893848215024905,0.23760740458965302,1.0,0.0,1.0,0.0
0.17530725833358785,0.23592592775821686,1.0,0.0,1.0,0.0
0.17165350373923427,0.2341521978378296,1.0,0.0,1.0,0.0
0.16805231556806824,0.23231738805770874,1.0,0.0,1.0,0.0
0.16458522838602474,0.23046322166919708,1.0,0.0,1.0,0.0
0.1610644102323415,0.22848516702651978,1.0,0.0,1.0,0.0
0.15661570575083533,0.22238585352897644,0.0,0.0,1.0,0.0
0.15235740494125655,0.21585407853126526,0.0,0.0,1.0,0.0
0.14837474628058936,0.20896752178668976,0.0,0.0,1.0,0.0
0.144744040041018,0.20183983445167542,0.0,0.0,1.0,0.0
0.14152126541966628,0.19460973143577576,0.0,0.0,1.0,0.0
0.1384988901777896,0.1867651343345642,0.0,0.0,1.0,0.0
0.13550862897690955,0.18317943811416626,1.0,0.0,1.0,0.0
0.13292121258191295,0.17987185716629028,1.0,0.0,1.0,0.0
0.1302215709169819,0.1761927753686905,1.0,0.0,1.0,0.0
0.12757731000066444,0.1723342388868332,1.0,0.0,1.0,0.0
0.12489156204573898,0.16812020540237427,1.0,0.0,1.0,0.0
0.12255591455638475,0.16417838633060455,1.0,0.0,1.0,0.0
0.12017667737149498,0.15985679626464844,1.0,0.0,1.0,0.0
0.11789662898358916,0.15537849068641663,1.0,0.0,1.0,0.0
0.11569180719083576,0.1506790965795517,1.0,0.0,1.0,0.0
0.11361970348591792,0.1458694189786911,1.0,0.0,1.0,0.0
0.1083627538557637,0.1468881219625473,1.0,0.0,1.0,0.0
0.10310003809334291,0.14801305532455444,1.0,0.0,1.0,0.0
0.09780467453855161,0.14926853775978088,1.0,0.0,1.0,0.0
0.09247937238396949,0.15067791938781738,1.0,0.0,1.0,0.0
0.08731305535453267,0.15221183001995087,1.0,0.0,1.0,0.0
0.08209151123218078,0.1539614349603653,1.0,0.0,1.0,0.0
0.07690246933364288,0.15593981742858887,1.0,0.0,1.0,0.0
0.0716745929790824,0.15822872519493103,1.0,0.0,1.0,0.0
0.06649528799954722,0.16085989773273468,1.0,0.0,1.0,0.0
0.06100798421584304,0.16414901614189148,1.0,0.0,1.0,0.0
0.05620609402408159,0.1675722897052765,1.0,0.0,1.0,0.0
0.05106908884092836,0.17197702825069427,1.0,0.0,1.0,0.0
0.045993068795814745,0.17734619975090027,1.0,0.0,1.0,0.0
0.041001474469911384,0.1840086132287979,1.0,0.0,1.0,0.0
0.03608310112793729,0.19253474473953247,1.0,0.0,1.0,0.0
0.5708263266102072,0.9394406080245972,1.0,0.0,1.0,0.0
0.5687452785262055,0.9380678534507751,1.0,0.0,1.0,0.0
0.5667287334870259,0.9367002844810486,1.0,0.0,1.0,0.0
0.5647433724675096,0.9353152513504028,1.0,0.0,1.0,0.0
0.5627785851373147,0.9339042901992798,1.0,0.0,1.0,0.0
0.5607773086222856,0.9324225783348083,1.0,0.0,1.0,0.0
0.5590326856466843,0.9310913681983948,1.0,0.0,1.0,0.0
0.5572209070436753,0.9296669960021973,1.0,0.0,1.0,0.0
0.562259649407607,0.9291571974754333,0.0,1.0,1.0,0.0
0.5672088509349951,0.9286657571792603,0.0,1.0,1.0,0.0
0.5722910697744737,0.9281705021858215,0.0,1.0,1.0,0.0
0.577473763266519,0.9276750087738037,0.0,1.0,1.0,0.0
0.582304374943196,0.9272215962409973,0.0,1.0,1.0,0.0
0.5820558085457971,0.9265679121017456,0.0,1.0,1.0,0.0
0.5818278158377195,0.9259440302848816,0.0,1.0,1.0,0.0
0.5816039637463607,0.9253053665161133,0.0,1.0,1.0,0.0
0.5813901397111177,0.9246681332588196,0.0,1.0,1.0,0.0
0.5811840146350862,0.9240254759788513,0.0,1.0,1.0,0.0
0.5809896644378487,0.9233900904655457,0.0,1.0,1.0,0.0
0.5808023662284604,0.9227463006973267,0.0,1.0,1.0,0.0
0.5806182381787474,0.9220786094665527,0.0,1.0,1.0,0.0
0.5804575304923499,0.9214626550674438,0.0,1.0,1.0,0.0
0.5802992165999931,0.920819878578186,0.0,1.0,1.0,0.0
0.5801513189465692,0.9201807379722595,0.0,1.0,1.0,0.0
0.5800113143437657,0.9195346236228943,0.0,1.0,1.0,0.0
0.5794170064503491,0.9200049638748169,0.0,1.0,0.0,0.0
0.5786132092298168,0.9206492304801941,0.0,1.0,0.0,0.0
0.5677427317031721,0.9199342727661133,1.0,0.0,0.0,0.0
0.5583942543063581,0.919012188911438,1.0,0.0,0.0,0.0
0.5485705117467924,0.9180073142051697,1.0,0.0,0.0,0.0
0.5387231223839343,0.9169607162475586,1.0,0.0,0.0,0.0
0.5180378628510917,0.9159943461418152,1.0,0.0,0.0,1.0
0.5081872062828539,0.9161027073860168,1.0,0.0,0.0,1.0
0.49780499804334327,0.916221559047699,1.0,0.0,0.0,1.0
0.4872089981171579,0.9163480401039124,1.0,0.0,0.0,1.0
0.4767195867229128,0.9164788126945496,1.0,0.0,0.0,1.0
0.46638088730751753,0.9166134595870972,1.0,0.0,0.0,1.0
0.45636664403032,0.9167497158050537,1.0,0.0,0.0,1.0
0.44597589576882696,0.9168975949287415,1.0,0.0,0.0,1.0
0.4356696419672515,0.9170511960983276,1.0,0.0,0.0,1.0
0.4251232000474189,0.9172161817550659,1.0,0.0,0.0,1.0
0.41501064947171856,0.9173821210861206,1.0,0.0,0.0,1.0
0.4046017213149447,0.9175616502761841,1.0,0.0,0.0,1.0
0.3936426410602317,0.917760968208313,1.0,0.0,0.0,1.0
0.3839318273519569,0.9179471135139465,1.0,0.0,0.0,1.0
0.37354208189607546,0.9181570410728455,1.0,0.0,0.0,1.0
0.3631628497248316,0.9183787107467651,1.0,0.0,0.0,1.0
0.3528223387896218,0.9186124801635742,1.0,0.0,0.0,1.0
0.3424959318301104,0.918860137462616,1.0,0.0,0.0,1.0
0.3321342972799213,0.9191240668296814,1.0,0.0,0.0,1.0
0.32147799962276874,0.9194133281707764,1.0,0.0,0.0,1.0
0.3113897428217231,0.9197054505348206,1.0,0.0,0.0,1.0
0.30105071992064664,0.920025110244751,1.0,0.0,0.0,1.0
0.29078163462383577,0.9203652143478394,1.0,0.0,0.0,1.0
0.28036659258768803,0.9207356572151184,1.0,0.0,0.0,1.0
0.26994008298414346,0.9211351871490479,1.0,0.0,0.0,1.0
0.25970122742423646,0.9215589165687561,1.0,0.0,0.0,1.0
0.24940302841612166,0.9220201373100281,1.0,0.0,0.0,1.0
0.23900487233253023,0.9225262999534607,1.0,0.0,0.0,1.0
0.2283132985618478,0.9230950474739075,1.0,0.0,0.0,1.0
0.21833539890092793,0.9236761331558228,1.0,0.0,0.0,1.0
0.20754225062636306,0.9243679642677307,1.0,0.0,0.0,1.0
0.19769943858589323,0.9250648617744446,1.0,0.0,0.0,1.0
0.18731407636099143,0.9258800745010376,1.0,0.0,0.0,1.0
0.1766210469047438,0.9268200397491455,1.0,0.0,0.0,1.0
0.1667281269322632,0.9277976155281067,1.0,0.0,0.0,1.0
0.1564977143486343,0.9289394617080688,1.0,0.0,0.0,1.0
0.1461714529576794,0.9302552938461304,1.0,0.0,0.0,1.0
0.13591454689676397,0.9317618608474731,1.0,0.0,0.0,1.0
0.12562056128964624,0.9335236549377441,1.0,0.0,0.0,1.0
0.11527838440317854,0.9299057126045227,1.0,0.0,0.0,0.0
0.1091533043376526,0.9194710850715637,1.0,0.0,0.0,0.0
0.10344806016341274,0.9076133966445923,1.0,0.0,0.0,0.0
0.09839197896697127,0.89448481798172,1.0,0.0,0.0,0.0
0.09402159845601457,0.8798398971557617,1.0,0.0,0.0,0.0
0.09049537809145605,0.8637826442718506,1.0,0.0,0.0,0.0
0.08803387041070673,0.8472679257392883,1.0,0.0,0.0,0.0
0.08654826242000568,0.8296303749084473,1.0,0.0,0.0,0.0
0.08615477443744961,0.811583936214447,1.0,0.0,0.0,0.0
0.08686160682505578,0.7937341332435608,1.0,0.0,0.0,0.0
0.0886493989648071,0.7762848138809204,1.0,0.0,0.0,0.0
0.09145802295571903,0.7596949934959412,1.0,0.0,0.0,0.0
0.09516292872340515,0.744366466999054,1.0,0.0,0.0,0.0
0.10330774824921207,0.7332713007926941,1.0,0.0,1.0,0.0
0.11220545643647951,0.7235137820243835,1.0,0.0,1.0,0.0
0.12077287765614639,0.7157813310623169,1.0,0.0,1.0,0.0
0.1298977213144363,0.7088703513145447,1.0,0.0,1.0,0.0
0.13915331788504878,0.7029247283935547,1.0,0.0,1.0,0.0
0.14870576917811454,0.6976619362831116,1.0,0.0,1.0,0.0
0.15539800860126626,0.6902296543121338,1.0,0.0,0.0,0.0
0.16242864639547347,0.6833992004394531,1.0,0.0,0.0,0.0
0.16967878539862793,0.6771898865699768,1.0,0.0,0.0,0.0
0.17726245431333654,0.6714280247688293,1.0,0.0,0.0,0.0
0.18107489480858036,0.6655541062355042,1.0,0.0,0.0,1.0
0.18491258336123825,0.6602094173431396,1.0,0.0,0.0,1.0
0.18903448643335832,0.6549854278564453,1.0,0.0,0.0,1.0
0.19336026635602588,0.6499795317649841,1.0,0.0,0.0,1.0
0.1978888718007772,0.645176887512207,1.0,0.0,0.0,1.0
0.2025628517106392,0.6406180262565613,1.0,0.0,0.0,1.0
0.20257302533531152,0.6407090425491333,0.0,1.0,0.0,1.0
0.2025833930513925,0.6408012509346008,0.0,1.0,0.0,1.0
0.20259332406180394,0.6408887505531311,0.0,1.0,0.0,1.0
0.2026036270807487,0.6409789323806763,0.0,1.0,0.0,1.0
0.20261391392540942,0.6410688161849976,0.0,1.0,0.0,1.0
0.20262444338433097,0.6411600112915039,0.0,1.0,0.0,1.0
0.20263516693466124,0.6412519812583923,0.0,1.0,0.0,1.0
0.20264522733934515,0.6413382291793823,0.0,1.0,0.0,1.0
0.20265577297255077,0.641427755355835,0.0,1.0,0.0,1.0
0.2026664318257448,0.6415177583694458,0.0,1.0,0.0,1.0
0.20267720389892724,0.6416081786155701,0.0,1.0,0.0,1.0
0.20268844502634736,0.6417019367218018,0.0,1.0,0.0,1.0
0.20269942736522253,0.6417931318283081,0.0,1.0,0.0,1.0
0.20270964951274703,0.6418774127960205,0.0,1.0,0.0,1.0
0.20272061567733815,0.6419671177864075,0.0,1.0,0.0,1.0
0.20273156566764522,0.6420563459396362,0.0,1.0,0.0,1.0
0.20274280679506534,0.642147421836853,0.0,1.0,0.0,1.0
0.2027538376567927,0.6422358751296997,0.0,1.0,0.0,1.0
0.20276514348134905,0.642326295375824,0.0,1.0,0.0,1.0
0.20277657870017785,0.642417311668396,0.0,1.0,0.0,1.0
0.2027877551304617,0.6425057053565979,0.0,1.0,0.0,1.0
0.20279919034929053,0.6425954103469849,0.0,1.0,0.0,1.0
0.20281060939383527,0.6426846981048584,0.0,1.0,0.0,1.0
0.20282220635550466,0.6427750587463379,0.0,1.0,0.0,1.0
0.20283369009718563,0.6428641080856323,0.0,1.0,0.0,1.0
0.20284541645312748,0.6429541707038879,0.0,1.0,0.0,1.0
0.20285714280906933,0.6430437564849854,0.0,1.0,0.0,1.0
0.20286899855928361,0.6431339383125305,0.0,1.0,0.0,1.0
0.20288088665806603,0.643223762512207,0.0,1.0,0.0,1.0
0.2028927585825644,0.6433131098747253,0.0,1.0,0.0,1.0
0.2029047760756193,0.6434029340744019,0.0,1.0,0.0,1.0
0.20291690678866256,0.643493115901947,0.0,1.0,0.0,1.0
0.19277592182158879,0.642426073551178,0.0,1.0,0.0,1.0
0.1826106430798603,0.6412363648414612,0.0,1.0,0.0,1.0
0.17234189744301465,0.6398905515670776,0.0,1.0,0.0,1.0
0.16214284679617366,0.6383830308914185,0.0,1.0,0.0,1.0
0.15197012788377864,0.636675238609314,0.0,1.0,0.0,1.0
0.14180077322246762,0.63471919298172,0.0,1.0,0.0,1.0
0.1316619879580257,0.6324625611305237,0.0,1.0,0.0,1.0
0.12153853591487047,0.6298257112503052,0.0,1.0,0.0,1.0
0.11152964632569604,0.6267361640930176,0.0,1.0,0.0,1.0
0.10148949993258007,0.6230058073997498,0.0,1.0,0.0,1.0
0.09158157022449388,0.6184918880462646,0.0,1.0,0.0,1.0
0.08170552003028546,0.6128503680229187,0.0,1.0,0.0,1.0
0.07173963786242049,0.6054831147193909,0.0,1.0,0.0,1.0
0.06242131337466118,0.5962827205657959,0.0,1.0,0.0,1.0
0.053175198978077536,0.5835710763931274,0.0,1.0,0.0,1.0
0.04445266637429717,0.5657972097396851,0.0,1.0,0.0,1.0
0.036485375790307716,0.5396178960800171,0.0,1.0,0.0,1.0
0.52999894000318,0.0,0.0,1.0,0.0,1.0
0.5354174222082186,0.0026358042377978563,0.0,1.0,0.0,1.0
0.5411215746182846,0.005282390397042036,0.0,1.0,0.0,1.0
0.5465700762945344,0.00769879762083292,0.0,1.0,0.0,1.0
0.5523901012755897,0.010170087218284607,0.0,1.0,0.0,1.0
0.5583024490700466,0.012574123218655586,0.0,1.0,0.0,1.0
0.5643955606631325,0.014948668889701366,0.0,1.0,0.0,1.0
0.5705639150256548,0.017254477366805077,0.0,1.0,0.0,1.0
0.576884113566911,0.01952272839844227,0.0,1.0,0.0,1.0
0.5843565681044388,0.020666716620326042,0.0,1.0,0.0,0.0
0.5918153715462218,0.02177543193101883,0.0,1.0,0.0,0.0
0.5997973160315675,0.02292690984904766,0.0,1.0,0.0,0.0
0.6071486575300711,0.02395685762166977,0.0,1.0,0.0,0.0
0.6145016164569804,0.02495899423956871,0.0,1.0,0.0,0.0
0.6221450655255664,0.025972267612814903,0.0,1.0,0.0,0.0
0.6276588789608412,0.026083966717123985,0.0,1.0,1.0,0.0
0.6330129551667619,0.02619055099785328,0.0,1.0,1.0,0.0
0.6385267686020367,0.02629844658076763,0.0,1.0,1.0,0.0
0.6439497472580434,0.026402756571769714,0.0,1.0,1.0,0.0
0.6494595494708718,0.026506949216127396,0.0,1.0,1.0,0.0
0.6551286360331007,0.026612315326929092,0.0,1.0,1.0,0.0
0.6604193737426515,0.026709018275141716,0.0,1.0,1.0,0.0
0.6660060361533222,0.026809459552168846,0.0,1.0,1.0,0.0
0.6713141126953829,0.026903333142399788,0.0,1.0,1.0,0.0
0.6768194508058114,0.02699914015829563,0.0,1.0,1.0,0.0
0.6822685671048553,0.02709243632853031,0.0,1.0,1.0,0.0
0.6900056329295673,0.02798735909163952,0.0,1.0,0.0,0.0
0.698045028471886,0.028893696144223213,0.0,1.0,0.0,0.0
0.7053242326634922,0.029694389551877975,0.0,1.0,0.0,0.0
0.7135076440310608,0.030572814866900444,0.0,1.0,0.0,0.0
0.7207815430574961,0.0313350111246109,0.0,1.0,0.0,0.0
0.7206406326947853,0.03366513177752495,1.0,0.0,0.0,0.0
0.7181490812813988,0.03489881008863449,1.0,0.0,0.0,0.0
0.7163043071389121,0.035290226340293884,1.0,0.0,1.0,0.0
0.7144489873632198,0.03568685054779053,1.0,0.0,1.0,0.0
0.7126021429123738,0.036084678024053574,1.0,0.0,1.0,0.0
0.7107778777620722,0.0364806242287159,1.0,0.0,1.0,0.0
0.7089444903155623,0.03688158094882965,1.0,0.0,1.0,0.0
0.7071370464206809,0.0372798778116703,1.0,0.0,1.0,0.0
0.7053050176140316,0.03768669068813324,1.0,0.0,1.0,0.0
0.7034993852389646,0.038090724498033524,1.0,0.0,1.0,0.0
0.7016775138827037,0.03850153461098671,1.0,0.0,1.0,0.0
0.7009629987101701,0.0370478481054306,1.0,0.0,1.0,0.0
0.7002928010759547,0.035558070987463,1.0,0.0,1.0,0.0
0.6989217393649504,0.03497049957513809,1.0,0.0,0.0,0.0
0.6976781957094571,0.034431956708431244,1.0,0.0,0.0,0.0
0.6963858057161094,0.033866558223962784,1.0,0.0,0.0,0.0
0.695107196212779,0.03330118954181671,1.0,0.0,0.0,0.0
0.6938217935101444,0.032726820558309555,1.0,0.0,0.0,0.0
0.692561687387776,0.03215767443180084,1.0,0.0,0.0,0.0
0.6912935588205149,0.031578678637742996,1.0,0.0,0.0,0.0
0.6900370757377755,0.03099871426820755,1.0,0.0,0.0,0.0
0.6888017486185835,0.030422260984778404,1.0,0.0,0.0,0.0
0.687579166835229,0.029845455661416054,1.0,0.0,0.0,0.0
0.6863520562523383,0.029260115697979927,1.0,0.0,0.0,0.0
0.685137367519604,0.02867416851222515,1.0,0.0,0.0,0.0
0.6839407292878781,0.028090456500649452,1.0,0.0,0.0,0.0
0.6827384624053,0.027497315779328346,1.0,0.0,0.0,0.0
0.6815600687659912,0.02690930664539337,1.0,0.0,0.0,0.0
0.6803754642016042,0.02631136029958725,1.0,0.0,0.0,0.0
0.6791820608266899,0.025701843202114105,1.0,0.0,0.0,0.0
0.6780512842796469,0.025117604061961174,1.0,0.0,0.0,0.0
0.6769077623967665,0.024519899860024452,1.0,0.0,0.0,0.0
0.6708651145699407,0.023469198495149612,1.0,0.0,0.0,0.0
0.6648163852123092,0.022393004968762398,1.0,0.0,0.0,0.0
0.6588675482330182,0.021309781819581985,1.0,0.0,0.0,0.0
0.6528574430657165,0.02018946222960949,1.0,0.0,0.0,0.0
0.6469701977601172,0.019065747037529945,1.0,0.0,0.0,0.0
0.6410554561716197,0.017909523099660873,1.0,0.0,0.0,0.0
0.6348398728996489,0.01666380651295185,1.0,0.0,0.0,0.0
0.6293712180654633,0.01554069109261036,1.0,0.0,0.0,0.0
0.6236074795929286,0.014328370802104473,1.0,0.0,0.0,0.0
0.6176629773217651,0.013045942410826683,1.0,0.0,0.0,0.0
0.6120897719154303,0.011812763288617134,1.0,0.0,0.0,0.0
0.6063643988446806,0.010513451881706715,1.0,0.0,0.0,0.0
0.6008239301892788,0.009223345667123795,1.0,0.0,0.0,0.0
0.5951846690068524,0.007875677198171616,1.0,0.0,0.0,0.0
0.589670143903079,0.006522516254335642,1.0,0.0,0.0,0.0
0.5841846678134733,0.005140253342688084,1.0,0.0,0.0,0.0
0.5786964097470098,0.0037193777970969677,1.0,0.0,0.0,0.0
0.5733299763880689,0.0022915739100426435,1.0,0.0,0.0,0.0
0.5679462041966181,8.190901135094464E-4,1.0,0.0,0.0,0.0
0.5626226003418621,0.9993215799331665,1.0,0.0,0.0,0.0
0.5573628525605658,0.9977994561195374,1.0,0.0,0.0,0.0
0.5521416642724633,0.9962443709373474,1.0,0.0,0.0,0.0
0.5469761155215191,0.9946604371070862,1.0,0.0,0.0,0.0
0.5418719643528581,0.993048369884491,1.0,0.0,0.0,0.0
0.5368482964216683,0.9914137125015259,1.0,0.0,0.0,0.0
0.5318694636058865,0.9897439479827881,1.0,0.0,0.0,0.0
0.5269107839480406,0.9880289435386658,1.0,0.0,0.0,0.0
0.522042421492373,0.986291766166687,1.0,0.0,0.0,0.0
0.5172167267980496,0.9845143556594849,1.0,0.0,0.0,0.0
0.512454014765847,0.9827026128768921,1.0,0.0,0.0,0.0
0.5077970502028136,0.9808723330497742,1.0,0.0,0.0,0.0
0.5032136462836748,0.9790105223655701,1.0,0.0,0.0,0.0
0.4996570182650878,0.9783542156219482,1.0,0.0,0.0,1.0
0.4962120251550671,0.9777079224586487,1.0,0.0,0.0,1.0
0.4927050521885373,0.9770391583442688,1.0,0.0,0.0,1.0
0.4891932592853583,0.9763581156730652,1.0,0.0,0.0,1.0
0.4857411494903522,0.9756773114204407,1.0,0.0,0.0,1.0
0.48223559986081943,0.9749741554260254,1.0,0.0,0.0,1.0
0.47873270281387215,0.9742592573165894,1.0,0.0,0.0,1.0
0.4714451203431241,0.973842442035675,1.0,0.0,0.0,1.0
0.4641356055431938,0.9734110236167908,1.0,0.0,0.0,1.0
0.4567677339263832,0.9729620218276978,1.0,0.0,0.0,1.0
0.44944857925315446,0.9725012183189392,1.0,0.0,0.0,1.0
0.44207058253452375,0.9720208644866943,1.0,0.0,0.0,1.0
0.43471367708230435,0.9715254902839661,1.0,0.0,0.0,1.0
0.4274040975852378,0.971015989780426,1.0,0.0,0.0,1.0
0.42005000645844437,0.970485270023346,1.0,0.0,0.0,1.0
0.41237779951280384,0.9699110388755798,1.0,0.0,0.0,1.0
0.4053843949204975,0.9693682193756104,1.0,0.0,0.0,1.0
0.3980642050930891,0.9687792658805847,1.0,0.0,0.0,1.0
0.39079978419711164,0.9681724309921265,1.0,0.0,0.0,1.0
0.38348629052330313,0.9675378799438477,1.0,0.0,0.0,1.0
0.37618994159059577,0.9668795466423035,1.0,0.0,0.0,1.0
0.36883986168624866,0.9661893844604492,1.0,0.0,0.0,1.0
0.36154593889615,0.9654761552810669,1.0,0.0,0.0,1.0
0.35428921695938403,0.9647365808486938,1.0,0.0,0.0,1.0
0.3469732647943987,0.9639587998390198,1.0,0.0,0.0,1.0
0.3397074529099923,0.963152289390564,1.0,0.0,0.0,1.0
0.3324827560556607,0.9623143672943115,1.0,0.0,0.0,1.0
0.3252411732487727,0.961435854434967,1.0,0.0,0.0,1.0
0.3155781060270363,0.962174654006958,1.0,0.0,0.0,1.0
0.3058778379519671,0.9629637598991394,1.0,0.0,0.0,1.0
0.2961006449819194,0.9638122320175171,1.0,0.0,0.0,1.0
0.2864528139357653,0.9647070169448853,1.0,0.0,0.0,1.0
0.27679256103945493,0.9656664729118347,1.0,0.0,0.0,1.0
0.26711024641968983,0.9666987657546997,1.0,0.0,0.0,1.0
0.2574948286387874,0.9678022861480713,1.0,0.0,0.0,1.0
0.2477951428379443,0.9690037965774536,1.0,0.0,0.0,1.0
0.23826510910258256,0.9702816605567932,1.0,0.0,0.0,1.0
0.22866973125962764,0.9716783165931702,1.0,0.0,0.0,1.0
0.21907808967629006,0.9731997847557068,1.0,0.0,0.0,1.0
0.20949869202598417,0.9748621582984924,1.0,0.0,0.0,1.0
0.19984953468853736,0.9767025709152222,1.0,0.0,0.0,1.0
0.19040826542408434,0.9786898493766785,1.0,0.0,0.0,1.0
0.18092130380716828,0.9809033870697021,1.0,0.0,0.0,1.0
0.17156189259433138,0.9833369851112366,1.0,0.0,0.0,1.0
0.16210946307387855,0.986093282699585,1.0,0.0,0.0,1.0
0.1527754940098644,0.9891676306724548,1.0,0.0,0.0,1.0
0.14357381441515832,0.9926131963729858,1.0,0.0,0.0,1.0
0.1343250191309921,0.9965856075286865,1.0,0.0,0.0,1.0
0.12364257574366025,0.9962905645370483,1.0,0.0,0.0,0.0
0.11307355452328312,0.9959437847137451,1.0,0.0,0.0,0.0
0.102429711064855,0.995522141456604,1.0,0.0,0.0,0.0
0.09119980051073763,0.9949706196784973,1.0,0.0,0.0,0.0
0.08126868496645472,0.9943557977676392,1.0,0.0,0.0,0.0
0.07059134456574306,0.993501603603363,1.0,0.0,0.0,0.0
0.05995148402476416,0.9923474788665771,1.0,0.0,0.0,0.0
0.04938828150307679,0.9907090663909912,1.0,0.0,0.0,0.0
0.03861960492029123,0.988114058971405,1.0,0.0,0.0,0.0
0.211999576001272,0.75,1.0,0.0,0.0,0.0
0.21226366971136637,0.7420599460601807,1.0,0.0,0.0,0.0
0.21305533621885525,0.734149158000946,1.0,0.0,0.0,0.0
0.21436639133600544,0.7263277769088745,1.0,0.0,0.0,0.0
0.2161978863912807,0.7185839414596558,1.0,0.0,0.0,0.0
0.2185424135625826,0.7109573483467102,1.0,0.0,0.0,0.0
0.2213899771423635,0.7034794092178345,1.0,0.0,0.0,0.0
0.22463489435859024,0.6963652968406677,1.0,0.0,0.0,0.0
0.22837312723857728,0.689366340637207,1.0,0.0,0.0,0.0
0.23254465301418642,0.6825959086418152,1.0,0.0,0.0,0.0
0.23963735153632307,0.677829384803772,1.0,0.0,0.0,0.0
0.24689957272966864,0.6733601689338684,1.0,0.0,0.0,0.0
0.2543935390649932,0.6691232323646545,1.0,0.0,0.0,0.0
0.2622158271924052,0.6650522947311401,1.0,0.0,0.0,0.0
0.2700438086678056,0.6612914800643921,1.0,0.0,0.0,0.0
0.27783919896082965,0.657819390296936,1.0,0.0,0.0,0.0
0.285808430458906,0.6545187830924988,1.0,0.0,0.0,0.0
0.29394157215162325,0.651380717754364,1.0,0.0,0.0,0.0
0.30257081148495873,0.6482778191566467,1.0,0.0,0.0,0.0
0.3106429114296422,0.6455642580986023,1.0,0.0,0.0,0.0
0.3190636965900418,0.64290851354599,1.0,0.0,0.0,0.0
0.32765951985251407,0.6403639316558838,1.0,0.0,0.0,0.0
0.33621332232500434,0.6379828453063965,1.0,0.0,0.0,0.0
0.33815381588054455,0.6395695209503174,0.0,1.0,0.0,0.0
0.3399037763698849,0.6409623622894287,0.0,1.0,0.0,0.0
0.34188292646432306,0.642496645450592,0.0,1.0,0.0,0.0
0.3437736032249655,0.6439237594604492,0.0,1.0,0.0,0.0
0.34557661536601514,0.6452516317367554,0.0,1.0,0.0,0.0
0.34753043653161886,0.646655797958374,0.0,1.0,0.0,0.0
0.3495030522152977,0.6480386257171631,0.0,1.0,0.0,0.0
0.34847346198931983,0.6499411463737488,0.0,1.0,0.0,1.0
0.3475908960054266,0.6516603231430054,0.0,1.0,0.0,1.0
0.3467056774389479,0.6534796357154846,0.0,1.0,0.0,1.0
0.34586332072522213,0.6553141474723816,0.0,1.0,0.0,1.0
0.3450687428466029,0.657153308391571,0.0,1.0,0.0,1.0
0.3443231083515423,0.6589941382408142,0.0,1.0,0.0,1.0
0.34362467041736205,0.6608400940895081,0.0,1.0,0.0,1.0
0.34296615061623625,0.6627125144004822,0.0,1.0,0.0,1.0
0.34236249398663426,0.6645687818527222,0.0,1.0,0.0,1.0
0.34179979064426635,0.6664515733718872,0.0,1.0,0.0,1.0
0.34127509686943414,0.6683785915374756,0.0,1.0,0.0,1.0
0.3408246430584268,0.6702080368995667,0.0,1.0,0.0,1.0
0.33566634038674054,0.670922577381134,0.0,1.0,0.0,1.0
0.3306343912221132,0.671642005443573,0.0,1.0,0.0,1.0
0.3255302724020203,0.6723955869674683,0.0,1.0,0.0,1.0
0.32045581721888927,0.6731696724891663,0.0,1.0,0.0,1.0
0.31539371918877834,0.6739678978919983,0.0,1.0,0.0,1.0
0.31034287846037156,0.674791693687439,0.0,1.0,0.0,1.0
0.3052257878644644,0.6756555438041687,0.0,1.0,0.0,1.0
0.30018943929457337,0.6765361428260803,0.0,1.0,0.0,1.0
0.2952137442898987,0.6774372458457947,0.0,1.0,0.0,1.0
0.29016985850363675,0.6783842444419861,0.0,1.0,0.0,1.0
0.28515453650302075,0.6793610453605652,0.0,1.0,0.0,1.0
0.28015732970054935,0.6803714036941528,0.0,1.0,0.0,1.0
0.27514795983646656,0.681423544883728,0.0,1.0,0.0,1.0
0.27016663618093983,0.6825111508369446,0.0,1.0,0.0,1.0
0.2652273980125313,0.6836328506469727,0.0,1.0,0.0,1.0
0.2602596607556131,0.6848072409629822,0.0,1.0,0.0,1.0
0.2553481938329316,0.6860167384147644,0.0,1.0,0.0,1.0
0.2504518983886963,0.6872737407684326,0.0,1.0,0.0,1.0
0.2453236151882212,0.6886487603187561,0.0,1.0,0.0,1.0
0.24065329066655622,0.6899566054344177,0.0,1.0,0.0,1.0
0.2357338659961184,0.69139564037323,0.0,1.0,0.0,1.0
0.23094341506675675,0.692861795425415,0.0,1.0,0.0,1.0
0.22608483805294405,0.6944189667701721,0.0,1.0,0.0,1.0
0.22114954640984558,0.6960785984992981,0.0,1.0,0.0,1.0
0.2164782999539893,0.6977272629737854,0.0,1.0,0.0,1.0
0.21173739085669646,0.6994841694831848,0.0,1.0,0.0,1.0
0.2070199991684235,0.7013226747512817,0.0,1.0,0.0,1.0
0.20231234439915333,0.703254759311676,0.0,1.0,0.0,1.0
0.19766459917803292,0.7052658200263977,0.0,1.0,0.0,1.0
0.1929988358044722,0.7073974013328552,0.0,1.0,0.0,1.0
0.1883705158985051,0.7096335291862488,0.0,1.0,0.0,1.0
0.18382728890096564,0.7119576334953308,0.0,1.0,0.0,1.0
0.17935162188793524,0.7143841981887817,0.0,1.0,0.0,1.0
0.17463020280293193,0.7171064615249634,0.0,1.0,0.0,1.0
0.170435191966871,0.7196795344352722,0.0,1.0,0.0,1.0
0.16607521960770544,0.722524106502533,0.0,1.0,0.0,1.0
0.16173478578368158,0.7255472540855408,0.0,1.0,0.0,1.0
0.1574942766865663,0.7287063598632812,0.0,1.0,0.0,1.0
0.15327023301062176,0.7320793867111206,0.0,1.0,0.0,1.0
0.14918263559498812,0.7355853319168091,0.0,1.0,0.0,1.0
0.1451225668108207,0.7393336892127991,0.0,1.0,0.0,1.0
0.1411739873666631,0.7432681322097778,0.0,1.0,0.0,1.0
0.13730241368890425,0.7474421858787537,0.0,1.0,0.0,1.0
0.13351953978491793,0.7518689632415771,0.0,1.0,0.0,1.0
0.12814071692438883,0.7519473433494568,0.0,0.0,0.0,1.0
0.122921429114663,0.752030074596405,0.0,0.0,0.0,1.0
0.117636797197344,0.7521213293075562,0.0,0.0,0.0,1.0
0.11227590353069289,0.7522225975990295,0.0,0.0,0.0,1.0
0.1068962476945348,0.7523344159126282,0.0,0.0,0.0,1.0
0.1015216544092868,0.7524580359458923,0.0,0.0,0.0,1.0
0.09628057983893523,0.7525918483734131,0.0,0.0,0.0,1.0
0.09259951496595019,0.7463476657867432,1.0,0.0,0.0,1.0
0.08899947516895228,0.7394487261772156,1.0,0.0,0.0,1.0
0.08560813215915104,0.732047975063324,1.0,0.0,0.0,1.0
0.08238817995036737,0.7239782810211182,1.0,0.0,0.0,1.0
0.07941050234248422,0.7153195142745972,1.0,0.0,0.0,1.0
0.07668000014357104,0.7059949040412903,1.0,0.0,0.0,1.0
0.07423766707657213,0.6960464715957642,1.0,0.0,0.0,1.0
0.0721007125797249,0.6854454874992371,1.0,0.0,0.0,1.0
0.0703052780907563,0.6742715835571289,1.0,0.0,0.0,1.0
0.06887454944586308,0.6625842452049255,1.0,0.0,0.0,1.0
0.06780088025225693,0.6500464677810669,1.0,0.0,0.0,1.0
0.06718799215002898,0.6380279064178467,1.0,0.0,0.0,1.0
0.06696333134446733,0.6254667043685913,1.0,0.0,0.0,1.0
0.06317518866744921,0.6156735420227051,0.0,0.0,0.0,1.0
0.059879941122805876,0.6054469347000122,0.0,0.0,0.0,1.0
0.056767188025185725,0.5936945080757141,0.0,0.0,0.0,1.0
0.05400325762469627,0.5806839466094971,0.0,0.0,0.0,1.0
0.05162820149223543,0.566313624382019,0.0,0.0,0.0,1.0
0.04971110808215572,0.5506884455680847,0.0,0.0,0.0,1.0
0.04830551023111716,0.5339418053627014,0.0,0.0,0.0,1.0
0.047439761459072936,0.5156299471855164,0.0,0.0,0.0,1.0
0.04215873640709881,0.5175953507423401,0.0,1.0,0.0,0.0
0.03712359282137005,0.519993782043457,0.0,1.0,0.0,0.0
0.52999894000318,0.0,0.0,1.0,0.0,0.0
0.5337550616413349,0.0011160826543346047,0.0,1.0,0.0,1.0
0.5376442329401485,0.0022473784629255533,0.0,1.0,0.0,1.0
0.5413775164892138,0.003310879459604621,0.0,1.0,0.0,1.0
0.5452096896110081,0.004380501806735992,0.0,1.0,0.0,1.0
0.5491079508574621,0.0054464684799313545,0.0,1.0,0.0,1.0
0.5529958605621192,0.006488156504929066,0.0,1.0,0.0,1.0
0.5570501713011621,0.007552453316748142,0.0,1.0,0.0,1.0
0.5608800476746202,0.008537916466593742,0.0,1.0,0.0,1.0
0.5648279316245632,0.009534154087305069,0.0,1.0,0.0,1.0
0.5687971009323264,0.010516389273107052,0.0,1.0,0.0,1.0
0.5728320025305,0.011495666578412056,0.0,1.0,0.0,1.0
0.5781484897002707,0.011389775201678276,0.0,1.0,0.0,0.0
0.5835482420843704,0.01128420326858759,0.0,1.0,0.0,0.0
0.5845952358399944,0.010334155522286892,0.0,1.0,0.0,0.0
0.5857361051402893,0.009323596023023129,0.0,1.0,0.0,0.0
0.5868162885267997,0.008388940244913101,0.0,1.0,0.0,0.0
0.5879887300295753,0.007397423032671213,0.0,1.0,0.0,0.0
0.5891104489775459,0.006469922140240669,0.0,1.0,0.0,0.0
0.5903004881013763,0.005507280584424734,0.0,1.0,0.0,0.0
0.5915035960467253,0.004555108491331339,0.0,1.0,0.0,0.0
0.5927345884577898,0.0036017170641571283,0.0,1.0,0.0,0.0
0.5939817551529121,0.002656051656231284,0.0,1.0,0.0,0.0
0.595244255069321,0.0017183555755764246,0.0,1.0,0.0,0.0
0.5965356099084889,7.788203074596822E-4,0.0,1.0,0.0,0.0
0.5978428155460334,0.9998466372489929,0.0,1.0,0.0,0.0
0.5991759000380702,0.9989148378372192,0.0,1.0,0.0,0.0
0.6005234766886227,0.9979913234710693,0.0,1.0,0.0,0.0
0.5925293044445293,0.9959170818328857,1.0,0.0,1.0,0.0
0.58538318226215,0.9939910769462585,1.0,0.0,1.0,0.0
0.5779421058356943,0.9919087886810303,1.0,0.0,1.0,0.0
0.5705418533022001,0.9897544980049133,1.0,0.0,1.0,0.0
0.5631783487420852,0.9875221252441406,1.0,0.0,1.0,0.0
0.5562736115749831,0.9853423833847046,1.0,0.0,1.0,0.0
0.5492660059612741,0.9830378293991089,1.0,0.0,1.0,0.0
0.5424024808699512,0.9806833863258362,1.0,0.0,1.0,0.0
0.5356894736660693,0.9782795310020447,1.0,0.0,1.0,0.0
0.5290332705477983,0.9757891297340393,1.0,0.0,1.0,0.0
0.5221143323592936,0.9730772972106934,1.0,0.0,1.0,0.0
0.516127518161035,0.9706202149391174,1.0,0.0,1.0,0.0
0.5096755315532766,0.9678460955619812,1.0,0.0,1.0,0.0
0.5038785387527194,0.9652312994003296,1.0,0.0,1.0,0.0
0.495476903944644,0.9634640216827393,1.0,0.0,0.0,0.0
0.48735608705637873,0.9616846442222595,1.0,0.0,0.0,0.0
0.4791606743700393,0.9598131775856018,1.0,0.0,0.0,0.0
0.47104351286997104,0.9578791856765747,1.0,0.0,0.0,0.0
0.4629686956455659,0.9558702111244202,1.0,0.0,0.0,0.0
0.45472763912961556,0.9537256956100464,1.0,0.0,0.0,0.0
0.44713229238181734,0.9516584873199463,1.0,0.0,0.0,0.0
0.4396697041575648,0.9509083032608032,1.0,0.0,0.0,1.0
0.4322225785488714,0.9501328468322754,1.0,0.0,0.0,1.0
0.4247912713899865,0.9493308067321777,1.0,0.0,0.0,1.0
0.41737390646395933,0.9485005736351013,1.0,0.0,0.0,1.0
0.4098951439556491,0.9476315975189209,1.0,0.0,0.0,1.0
0.40251941163678645,0.9467414617538452,1.0,0.0,0.0,1.0
0.39485674751874,0.9457797408103943,1.0,0.0,0.0,1.0
0.3875388867882359,0.9448240399360657,1.0,0.0,0.0,1.0
0.3803255119327446,0.9438440203666687,1.0,0.0,0.0,1.0
0.3729320525985547,0.9427980184555054,1.0,0.0,0.0,1.0
0.365634765557372,0.9417216181755066,1.0,0.0,0.0,1.0
0.35829034665244514,0.9405913352966309,1.0,0.0,0.0,1.0
0.35103472456699514,0.9394253492355347,1.0,0.0,0.0,1.0
0.3436990397754594,0.9381930232048035,1.0,0.0,0.0,1.0
0.33647456936110454,0.9369232058525085,1.0,0.0,0.0,1.0
0.3291982441920606,0.935583770275116,1.0,0.0,0.0,1.0
0.3220230729955137,0.9341990351676941,1.0,0.0,0.0,1.0
0.31479413847875887,0.9327348470687866,1.0,0.0,0.0,1.0
0.3076840849498283,0.9312218427658081,1.0,0.0,0.0,1.0
0.30049341878915403,0.9296122193336487,1.0,0.0,0.0,1.0
0.2934130612457534,0.9279427528381348,1.0,0.0,0.0,1.0
0.28633558272491505,0.9261829853057861,1.0,0.0,0.0,1.0
0.2792944639946384,0.9243342280387878,1.0,0.0,0.0,1.0
0.27228362352411783,0.9223873615264893,1.0,0.0,0.0,1.0
0.265315596383498,0.9203379154205322,1.0,0.0,0.0,1.0
0.2601402945392671,0.9180245995521545,1.0,0.0,0.0,1.0
0.25469087092882614,0.9154577255249023,1.0,0.0,0.0,1.0
0.2498532557871522,0.9130564332008362,1.0,0.0,0.0,1.0
0.24481572649452493,0.9104218482971191,1.0,0.0,0.0,1.0
0.23979707259139302,0.9076483845710754,1.0,0.0,0.0,1.0
0.2347921830039942,0.9047197699546814,1.0,0.0,0.0,1.0
0.23012082332814954,0.9018247723579407,1.0,0.0,0.0,1.0
0.22517518014325413,0.8985714316368103,1.0,0.0,0.0,1.0
0.22073902690617672,0.8954703211784363,1.0,0.0,0.0,1.0
0.21621718231216155,0.8921108841896057,1.0,0.0,0.0,1.0
0.2117495377440238,0.8885717391967773,1.0,0.0,0.0,1.0
0.20742168751299686,0.8849087357521057,1.0,0.0,0.0,1.0
0.20319025218923795,0.8810746669769287,1.0,0.0,0.0,1.0
0.1990987891197145,0.8770972490310669,1.0,0.0,0.0,1.0
0.1950932114985375,0.8729082942008972,1.0,0.0,0.0,1.0
0.19126673172473158,0.8685919046401978,1.0,0.0,0.0,1.0
0.1875984849718623,0.8641177415847778,1.0,0.0,0.0,1.0
0.18406765493634733,0.8594460487365723,1.0,0.0,0.0,1.0
0.18070112327829063,0.8545952439308167,1.0,0.0,0.0,1.0
0.17753031663161634,0.8496007919311523,1.0,0.0,0.0,1.0
0.17436138620189273,0.8441036939620972,1.0,0.0,0.0,1.0
0.17169625237199881,0.8389941453933716,1.0,0.0,0.0,1.0
0.16909419824992997,0.8334615230560303,1.0,0.0,0.0,1.0
0.16664701289771375,0.8276218175888062,1.0,0.0,0.0,1.0
0.16450139707175362,0.8218209743499756,1.0,0.0,0.0,1.0
0.16246974525126412,0.8155067563056946,1.0,0.0,0.0,1.0
0.1608480306602174,0.8096291422843933,1.0,0.0,0.0,1.0
0.15939252301214776,0.8033686876296997,1.0,0.0,0.0,1.0
0.1581223079622433,0.7966090440750122,1.0,0.0,0.0,1.0
0.15238187663303587,0.7890565395355225,1.0,0.0,0.0,1.0
0.1467710174934148,0.7805410623550415,1.0,0.0,0.0,1.0
0.14258356004800882,0.779589056968689,0.0,1.0,0.0,1.0
0.13863100172997303,0.7786365151405334,0.0,1.0,0.0,1.0
0.1348254838283059,0.777665376663208,0.0,1.0,0.0,1.0
0.1308579885589428,0.7765912413597107,0.0,1.0,0.0,1.0
0.12692554296313277,0.7754585146903992,0.0,1.0,0.0,1.0
0.1229713672166912,0.7742443680763245,0.0,1.0,0.0,1.0
0.11902315978106692,0.7729490399360657,0.0,1.0,0.0,1.0
0.11506861202609202,0.771559476852417,0.0,1.0,0.0,1.0
0.11113069952227049,0.7700741291046143,0.0,1.0,0.0,1.0
0.1072117190179385,0.7684832811355591,0.0,1.0,0.0,1.0
0.10330765929064975,0.7667734622955322,0.0,1.0,0.0,1.0
0.0994211405744216,0.7649317383766174,0.0,1.0,0.0,1.0
0.0955312171713993,0.7629311680793762,0.0,1.0,0.0,1.0
0.09167203299522868,0.7607694864273071,0.0,1.0,0.0,1.0
0.08782260191234487,0.7584126591682434,0.0,1.0,0.0,1.0
0.08379974206865222,0.7557031512260437,0.0,1.0,0.0,1.0
0.08021050669340485,0.7530393600463867,0.0,1.0,0.0,1.0
0.07633361976333307,0.749858021736145,0.0,1.0,0.0,1.0
0.07268260671012726,0.746523380279541,0.0,1.0,0.0,1.0
0.06899371348365829,0.7427587509155273,0.0,1.0,0.0,1.0
0.06532562443005854,0.7385445237159729,0.0,1.0,0.0,1.0
0.06172066360713607,0.7338493466377258,0.0,1.0,0.0,1.0
0.05819186748784137,0.7286021709442139,0.0,1.0,0.0,1.0
0.05469262178552011,0.7226077318191528,0.0,1.0,0.0,1.0
0.05129676615046678,0.7158381938934326,0.0,1.0,0.0,1.0
0.048023038490762227,0.7081665992736816,0.0,1.0,0.0,1.0
0.04486647734477176,0.6993643641471863,0.0,1.0,0.0,1.0
0.041872496058558424,0.6892845034599304,0.0,1.0,0.0,1.0
0.03906027733301467,0.6776541471481323,0.0,1.0,0.0,1.0
0.52999894000318,0.5,0.0,1.0,0.0,1.0
0.5205469471883967,0.498801052570343,0.0,1.0,0.0,1.0
0.5119066122961977,0.49766281247138977,0.0,1.0,0.0,1.0
0.5028736304842135,0.496427059173584,0.0,1.0,0.0,1.0
0.49388186074800844,0.49514761567115784,0.0,1.0,0.0,1.0
0.484917166763316,0.4938198924064636,0.0,1.0,0.0,1.0
0.4758361473276805,0.49241840839385986,0.0,1.0,0.0,1.0
0.4672062933715508,0.49103036522865295,0.0,1.0,0.0,1.0
0.45832402353841645,0.48954060673713684,0.0,1.0,0.0,1.0
0.44960498457999254,0.48801389336586,0.0,1.0,0.0,1.0
0.4408820637933948,0.4864181578159332,0.0,1.0,0.0,1.0
0.43217250296542875,0.48475176095962524,0.0,1.0,0.0,1.0
0.423481251427016,0.4830107092857361,0.0,1.0,0.0,1.0
0.4145982699253831,0.4811442196369171,0.0,1.0,0.0,1.0
0.40636151576899215,0.4793289303779602,0.0,1.0,0.0,1.0
0.3979290204269347,0.47737938165664673,0.0,1.0,0.0,1.0
0.3891753685006273,0.47525012493133545,0.0,1.0,0.0,1.0
0.3789800702876877,0.4745786488056183,0.0,1.0,0.0,0.0
0.3685526710985199,0.4738529622554779,0.0,1.0,0.0,0.0
0.35813355314278966,0.4730850160121918,0.0,1.0,0.0,0.0
0.3470403880732382,0.4722159802913666,0.0,1.0,0.0,0.0
0.3371387178130824,0.4713912010192871,0.0,1.0,0.0,0.0
0.3266551291610981,0.47046253085136414,0.0,1.0,0.0,0.0
0.3160982710023324,0.469463974237442,0.0,1.0,0.0,0.0
0.30581708734104635,0.4684239327907562,0.0,1.0,0.0,0.0
0.29540916198988404,0.4672958254814148,0.0,1.0,0.0,0.0
0.28497590770988734,0.46608033776283264,0.0,1.0,0.0,0.0
0.2742894611872512,0.464737206697464,0.0,1.0,0.0,0.0
0.26428838377727665,0.4633792042732239,0.0,1.0,0.0,0.0
0.2537581161415018,0.46183040738105774,0.0,1.0,0.0,0.0
0.24364736091133188,0.460213303565979,0.0,1.0,0.0,0.0
0.2333197894033683,0.45841196179389954,0.0,1.0,0.0,0.0
0.22312255027634179,0.4564635753631592,0.0,1.0,0.0,0.0
0.21288233607657392,0.454311341047287,0.0,1.0,0.0,0.0
0.20276200567024183,0.4519609212875366,0.0,1.0,0.0,0.0
0.1925283258812333,0.4493200182914734,0.0,1.0,0.0,0.0
0.18256799149280012,0.4464489817619324,0.0,1.0,0.0,0.0
0.17256186770619955,0.44320929050445557,0.0,1.0,0.0,0.0
0.1620320206018102,0.4393356740474701,0.0,1.0,0.0,0.0
0.15258725769200074,0.4353673756122589,0.0,1.0,0.0,0.0
0.1431067496144237,0.43080490827560425,0.0,1.0,0.0,0.0
0.13353832621585096,0.4254663288593292,0.0,1.0,0.0,0.0
0.12411566546520636,0.41929224133491516,0.0,1.0,0.0,0.0
0.11499888468751922,0.4121922254562378,0.0,1.0,0.0,0.0
0.10605884031173071,0.40379515290260315,0.0,1.0,0.0,0.0
0.09744362408267329,0.3938549757003784,0.0,1.0,0.0,0.0
0.08940815889138057,0.3822508454322815,0.0,1.0,0.0,0.0
0.08182030892424307,0.36819368600845337,0.0,1.0,0.0,0.0
0.07507941725464573,0.35166245698928833,0.0,1.0,0.0,0.0
0.06924992223027451,0.3319249153137207,0.0,1.0,0.0,0.0
0.06469886687925111,0.30918776988983154,0.0,1.0,0.0,0.0
0.06162961047503317,0.2834152579307556,0.0,1.0,0.0,0.0
0.06031444708973231,0.25566455721855164,0.0,1.0,0.0,0.0
0.06087615167005962,0.22763805091381073,0.0,1.0,0.0,0.0
0.06320953880321678,0.201324000954628,0.0,1.0,0.0,0.0
0.06729466559696062,0.17666466534137726,0.0,1.0,0.0,0.0
0.07253833209633245,0.15610329806804657,0.0,1.0,0.0,0.0
0.0788977290150025,0.1383785754442215,0.0,1.0,0.0,0.0
0.08615182263060907,0.12333069741725922,0.0,1.0,0.0,0.0
0.09398925797504117,0.11080436408519745,0.0,1.0,0.0,0.0
0.09997117945237229,0.10285390913486481,0.0,1.0,1.0,0.0
0.1062289209957396,0.09575895965099335,0.0,1.0,1.0,0.0
0.11232539683990948,0.08978239446878433,0.0,1.0,1.0,0.0
0.11879253066468798,0.0842442587018013,0.0,1.0,1.0,0.0
0.12532969913943637,0.07932489365339279,0.0,1.0,1.0,0.0
0.13203039771315028,0.0748620480298996,0.0,1.0,1.0,0.0
0.138771119552765,0.0708632618188858,0.0,1.0,1.0,0.0
0.14565539625053397,0.06720471382141113,0.0,1.0,1.0,0.0
0.15265908768750103,0.06385551393032074,0.0,1.0,1.0,0.0
0.1595875848778838,0.06085772439837456,0.0,1.0,1.0,0.0
0.1665987973569377,0.05809870362281799,0.0,1.0,1.0,0.0
0.1736209113034465,0.05557529255747795,0.0,1.0,1.0,0.0
0.18077906715316475,0.05321837589144707,0.0,1.0,1.0,0.0
0.18795499854106243,0.051046889275312424,0.0,1.0,1.0,0.0
0.19123590353931758,0.04865311086177826,0.0,0.0,1.0,0.0
0.19447354232771835,0.04639846459031105,0.0,0.0,1.0,0.0
0.19766841630907053,0.044270530343055725,0.0,0.0,1.0,0.0
0.2008905277847759,0.04221498593688011,0.0,0.0,1.0,0.0
0.20401473631907993,0.04030280187726021,0.0,0.0,1.0,0.0
0.2073401205984938,0.03834911063313484,0.0,0.0,1.0,0.0
0.2106576118272875,0.03647846728563309,0.0,0.0,1.0,0.0
0.21071118105608666,0.03641195967793465,1.0,0.0,1.0,0.0
0.21076397391925103,0.03634653985500336,1.0,0.0,1.0,0.0
0.21081786663373134,0.03627979755401611,1.0,0.0,1.0,0.0
0.21087025513979427,0.03621504455804825,1.0,0.0,1.0,0.0
0.21092350088291228,0.036149222403764725,1.0,0.0,1.0,0.0
0.21097719950598387,0.03608296439051628,1.0,0.0,1.0,0.0
0.2110333080973801,0.036013826727867126,1.0,0.0,1.0,0.0
0.2110835292493793,0.03595200181007385,1.0,0.0,1.0,0.0
0.21113651620395238,0.03588686138391495,1.0,0.0,1.0,0.0
0.2111900207356153,0.035821158438920975,1.0,0.0,1.0,0.0
0.2112432988273014,0.03575580194592476,1.0,0.0,1.0,0.0
0.21129690040466867,0.03569013252854347,1.0,0.0,1.0,0.0
0.21135017849635476,0.03562495857477188,1.0,0.0,1.0,0.0
0.2114039418165626,0.035559266805648804,1.0,0.0,1.0,0.0
0.21145846532812118,0.03549269214272499,1.0,0.0,1.0,0.0
0.21151111262272904,0.0354284904897213,1.0,0.0,1.0,0.0
0.21156490829150498,0.035362958908081055,1.0,0.0,1.0,0.0
0.21161918918880268,0.03529691323637962,1.0,0.0,1.0,0.0
0.21167466698312062,0.035229504108428955,1.0,0.0,1.0,0.0
0.2117258909407314,0.035167351365089417,1.0,0.0,1.0,0.0
0.21177989687520013,0.035101886838674545,1.0,0.0,1.0,0.0
0.21183323966402245,0.03503730893135071,1.0,0.0,1.0,0.0
0.21188740734133174,0.03497178480029106,1.0,0.0,1.0,0.0
0.21267391425220622,0.03178529813885689,1.0,0.0,1.0,0.0
0.21344381017335343,0.02897454984486103,1.0,0.0,1.0,0.0
0.2143175611724352,0.026064125820994377,1.0,0.0,1.0,0.0
0.215279591413904,0.023127947002649307,1.0,0.0,1.0,0.0
0.21631472941931365,0.020217586308717728,1.0,0.0,1.0,0.0
0.21741260747258317,0.017358163371682167,1.0,0.0,1.0,0.0
0.21859412274871512,0.01449519395828247,1.0,0.0,1.0,0.0
0.21984685339755322,0.011661222204566002,1.0,0.0,1.0,0.0
0.22114726583579344,0.00890374556183815,1.0,0.0,1.0,0.0
0.2225214491836209,0.0061635891906917095,1.0,0.0,1.0,0.0
0.22396901525821822,0.003442691871896386,1.0,0.0,1.0,0.0
0.22546981090164944,7.772418903186917E-4,1.0,0.0,1.0,0.0
0.22546982707593352,7.772418321110308E-4,1.0,0.0,0.0,0.0
0.22546984325021757,7.772417739033699E-4,1.0,0.0,0.0,0.0
0.22546984325021757,7.772417739033699E-4,1.0,0.0,0.0,0.0
0.22546984325021757,7.772417739033699E-4,1.0,0.0,0.0,0.0
0.2224125153804922,0.9972587823867798,1.0,0.0,0.0,0.0
0.2196352614135102,0.9938572645187378,1.0,0.0,0.0,0.0
0.21689161760880013,0.9902767539024353,1.0,0.0,0.0,0.0
0.21425491817027967,0.9865984320640564,1.0,0.0,0.0,0.0
0.21173697032531094,0.9828329086303711,1.0,0.0,0.0,0.0
0.20933549349984182,0.9789708256721497,1.0,0.0,0.0,0.0
0.20705053621672448,0.9750041365623474,1.0,0.0,0.0,0.0
0.20492381195454376,0.9710042476654053,1.0,0.0,0.0,0.0
0.20290642585259316,0.9668741822242737,1.0,0.0,0.0,0.0
0.20102139391708687,0.9626478552818298,1.0,0.0,0.0,0.0
0.19930425105009963,0.958405613899231,1.0,0.0,0.0,0.0
0.19772023871519145,0.9540613889694214,1.0,0.0,0.0,0.0
0.19629481523546916,0.9496795535087585,1.0,0.0,0.0,0.0
0.1950121298125562,0.9452066421508789,1.0,0.0,0.0,0.0
0.1938894565818262,0.9406955242156982,1.0,0.0,0.0,0.0
0.19291586172725614,0.9360918402671814,1.0,0.0,0.0,0.0
0.19210997802408053,0.9314759373664856,1.0,0.0,0.0,0.0
0.19146685614137768,0.9268240928649902,1.0,0.0,0.0,0.0
0.1909693675123305,0.9219179153442383,1.0,0.0,0.0,0.0
0.19067593365095545,0.917452335357666,1.0,0.0,0.0,0.0
0.19052996073733458,0.9127627015113831,1.0,0.0,0.0,0.0
0.190549693363885,0.908063530921936,1.0,0.0,0.0,0.0
0.19073718566468204,0.903339147567749,1.0,0.0,0.0,0.0
0.19108802206017791,0.8986743688583374,1.0,0.0,0.0,0.0
0.19160844582401892,0.8939831256866455,1.0,0.0,0.0,0.0
0.19109280964825898,0.8924988508224487,1.0,0.0,0.0,1.0
0.19064209704870672,0.8911534547805786,1.0,0.0,0.0,1.0
0.1901839119299198,0.8897351622581482,1.0,0.0,0.0,1.0
0.18974063950103406,0.8883092403411865,1.0,0.0,0.0,1.0
0.1893095139594757,0.8868659734725952,1.0,0.0,0.0,1.0
0.18889758729309383,0.8854288458824158,1.0,0.0,0.0,1.0
0.1884973869826538,0.8839717507362366,1.0,0.0,0.0,1.0
0.18811266546205702,0.8825069665908813,1.0,0.0,0.0,1.0
0.1877488411164628,0.8810563683509827,1.0,0.0,0.0,1.0
0.187398586995193,0.8795912861824036,1.0,0.0,0.0,1.0
0.18706411897516353,0.8781201839447021,1.0,0.0,0.0,1.0
0.18674571201920337,0.87664395570755,1.0,0.0,0.0,1.0
0.18644466007003713,0.8751690983772278,1.0,0.0,0.0,1.0
0.18615750183087648,0.8736780881881714,1.0,0.0,0.0,1.0
0.1858876015528054,0.8721875548362732,1.0,0.0,0.0,1.0
0.18563398877878043,0.870692253112793,1.0,0.0,0.0,1.0
0.185390614326564,0.8691524863243103,1.0,0.0,0.0,1.0
0.18517467146010946,0.8676801919937134,1.0,0.0,0.0,1.0
0.18497163567233296,0.8661816120147705,1.0,0.0,0.0,1.0
0.18478425659152437,0.8646732568740845,1.0,0.0,0.0,1.0
0.18461289005193288,0.8631561398506165,1.0,0.0,0.0,1.0
0.18445913730768024,0.8616448044776917,1.0,0.0,0.0,1.0
0.1843207663075665,0.8601157069206238,1.0,0.0,0.0,1.0
0.18420170740261765,0.8586158156394958,1.0,0.0,0.0,1.0
0.1840971244819005,0.8570836186408997,1.0,0.0,0.0,1.0
0.18400671023401785,0.8554928302764893,1.0,0.0,0.0,1.0
0.1839402986236769,0.8540416359901428,1.0,0.0,0.0,1.0
0.18388700435770672,0.8525143265724182,1.0,0.0,0.0,1.0
0.1829234537335365,0.8491082787513733,1.0,0.0,0.0,1.0
0.1820337225418057,0.8456228375434875,1.0,0.0,0.0,1.0
0.18120438612674641,0.841975212097168,1.0,0.0,0.0,1.0
0.1805297405644151,0.8386105298995972,1.0,0.0,0.0,1.0
0.17990877745087133,0.8350516557693481,1.0,0.0,0.0,1.0
0.1793789079051406,0.8314736485481262,1.0,0.0,0.0,1.0
0.17894238015270697,0.8278962969779968,1.0,0.0,0.0,1.0
0.16874391178009204,0.8286068439483643,1.0,0.0,0.0,1.0
0.15917645075142076,0.8293565511703491,1.0,0.0,0.0,1.0
0.14931046096189624,0.8302305340766907,1.0,0.0,0.0,1.0
0.13938414109283642,0.8312352299690247,1.0,0.0,0.0,1.0
0.1295326677232537,0.8323854804039001,1.0,0.0,0.0,1.0
0.11956174726590475,0.833743691444397,1.0,0.0,0.0,1.0
0.10988734995818587,0.8352987766265869,1.0,0.0,0.0,1.0
0.10000182163351963,0.8372009992599487,1.0,0.0,0.0,1.0
0.09017687408979155,0.8395088911056519,1.0,0.0,0.0,1.0
0.08044573739359821,0.8423573970794678,1.0,0.0,0.0,1.0
0.07072613296193803,0.8459972739219666,1.0,0.0,0.0,1.0
0.0609883001121448,0.8508322238922119,1.0,0.0,0.0,1.0
0.051341148385921145,0.8574845194816589,1.0,0.0,0.0,1.0
0.211999576001272,0.25,1.0,0.0,0.0,1.0
0.22088412640845848,0.2528150677680969,1.0,0.0,0.0,1.0
0.23004829783843472,0.25547167658805847,1.0,0.0,0.0,1.0
0.2393068300416037,0.2579330503940582,1.0,0.0,0.0,1.0
0.248545839883915,0.26019352674484253,1.0,0.0,0.0,1.0
0.25781875102561125,0.2622888684272766,1.0,0.0,0.0,1.0
0.2672384437951313,0.26425960659980774,1.0,0.0,0.0,1.0
0.27665019499117893,0.26608723402023315,1.0,0.0,0.0,1.0
0.2866954605451992,0.2678987383842468,1.0,0.0,0.0,1.0
0.2955392679308443,0.26938676834106445,1.0,0.0,0.0,1.0
0.30505327295070483,0.27088701725006104,1.0,0.0,0.0,1.0
0.3156404093692266,0.27030712366104126,0.0,0.0,0.0,1.0
0.3262219494854644,0.26976534724235535,0.0,0.0,0.0,1.0
0.33681613789183534,0.26925721764564514,0.0,0.0,0.0,1.0
0.3462830110479517,0.2705763280391693,1.0,0.0,0.0,1.0
0.35608152172438745,0.27186471223831177,1.0,0.0,0.0,1.0
0.365285853901679,0.2730094790458679,1.0,0.0,0.0,1.0
0.3748821536788252,0.2741408944129944,1.0,0.0,0.0,1.0
0.384765029420906,0.2752450108528137,1.0,0.0,0.0,1.0
0.3941296487532095,0.27623841166496277,1.0,0.0,0.0,1.0
0.40365727252024663,0.277200311422348,1.0,0.0,0.0,1.0
0.4141864726532737,0.2765977084636688,0.0,0.0,0.0,1.0
0.4246944844741851,0.2760263979434967,0.0,0.0,0.0,1.0
0.4331090263609385,0.2742074429988861,0.0,1.0,0.0,1.0
0.4415257356017556,0.27246853709220886,0.0,1.0,0.0,1.0
0.45011256596229177,0.2707718312740326,0.0,1.0,0.0,1.0
0.45862266551925807,0.2691621482372284,0.0,1.0,0.0,1.0
0.46717016002096584,0.2676125764846802,0.0,1.0,0.0,1.0
0.4758470811437035,0.2661041021347046,0.0,1.0,0.0,1.0
0.4845526630977914,0.2646518349647522,0.0,1.0,0.0,1.0
0.4931957152697121,0.2632668912410736,0.0,1.0,0.0,1.0
0.4971166852109832,0.26366791129112244,0.0,1.0,0.0,1.0
0.5009617654114554,0.2640547752380371,0.0,1.0,0.0,1.0
0.5047803844832094,0.27408871054649353,0.0,1.0,0.0,0.0
0.5047803844832094,0.27408871054649353,0.0,1.0,0.0,0.0
0.5047803844832094,0.27408871054649353,0.0,1.0,0.0,0.0
0.5047803844832094,0.27408871054649353,0.0,1.0,0.0,0.0
0.5047803844832094,0.27408871054649353,0.0,1.0,0.0,0.0
0.5014503258357028,0.2747288942337036,0.0,1.0,1.0,0.0
0.49803431704271356,0.2753961682319641,0.0,1.0,1.0,0.0
0.4945732143457714,0.27608340978622437,0.0,1.0,1.0,0.0
0.48523091552546754,0.2756771445274353,0.0,1.0,1.0,0.0
0.4759865358208491,0.2752592861652374,0.0,1.0,1.0,0.0
0.46657824592158975,0.2748168110847473,0.0,1.0,1.0,0.0
0.45640319791229045,0.27573463320732117,0.0,0.0,1.0,0.0
0.44626939432733825,0.2766917943954468,0.0,0.0,1.0,0.0
0.43603320752430075,0.27770552039146423,0.0,0.0,1.0,0.0
0.4252228012886463,0.27883121371269226,0.0,0.0,1.0,0.0
0.41565632689130255,0.27987825870513916,0.0,0.0,1.0,0.0
0.4049624078494317,0.28110983967781067,0.0,0.0,1.0,0.0
0.39537173672313763,0.28227362036705017,0.0,0.0,1.0,0.0
0.38531857811849723,0.28355881571769714,0.0,0.0,1.0,0.0
0.37522061674701696,0.28492262959480286,0.0,0.0,1.0,0.0
0.3651521896182261,0.2863617241382599,0.0,0.0,1.0,0.0
0.35490076663960624,0.28791582584381104,0.0,0.0,1.0,0.0
0.34520431569557464,0.2894759774208069,0.0,0.0,1.0,0.0
0.3353185609309316,0.2911657392978668,0.0,0.0,1.0,0.0
0.3253563664998318,0.29297980666160583,0.0,0.0,1.0,0.0
0.31553944948813833,0.29488804936408997,0.0,0.0,1.0,0.0
0.30572097974517537,0.2969292402267456,0.0,0.0,1.0,0.0
0.29596458690442595,0.2991035580635071,0.0,0.0,1.0,0.0
0.2863232902690312,0.3014117181301117,0.0,0.0,1.0,0.0
0.27649670103547125,0.3039470911026001,0.0,0.0,1.0,0.0
0.26711513105347523,0.30656129121780396,0.0,0.0,1.0,0.0
0.2576225731342752,0.30942413210868835,0.0,0.0,1.0,0.0
0.248312962542052,0.31247302889823914,0.0,0.0,1.0,0.0
0.23899704397904628,0.3157971203327179,0.0,0.0,1.0,0.0
0.22981802455630507,0.3193792700767517,0.0,0.0,1.0,0.0
0.22074774484528384,0.32326504588127136,0.0,0.0,1.0,0.0
0.21150043759525095,0.3244219422340393,0.0,1.0,1.0,0.0
0.2022789283282901,0.325682669878006,0.0,1.0,1.0,0.0
0.19308525500419257,0.3270615339279175,0.0,1.0,1.0,0.0
0.18350923777925474,0.3286474347114563,0.0,1.0,1.0,0.0
0.17465334820341852,0.33027222752571106,0.0,1.0,1.0,0.0
0.16556136260319185,0.33212536573410034,0.0,1.0,1.0,0.0
0.15581664759553207,0.33335959911346436,0.0,1.0,1.0,0.0
0.1460772862758954,0.3347592353820801,0.0,1.0,1.0,0.0
0.1363227049549604,0.33636361360549927,0.0,1.0,1.0,0.0
0.1263047982024238,0.33827242255210876,0.0,1.0,1.0,0.0
0.11696026733091996,0.34035202860832214,0.0,1.0,1.0,0.0
0.10728103391226783,0.3428945541381836,0.0,1.0,1.0,0.0
0.09766753278402625,0.34592899680137634,0.0,1.0,1.0,0.0
0.08808439078696101,0.34962984919548035,0.0,1.0,1.0,0.0
0.07859778500429422,0.3542107045650482,0.0,1.0,1.0,0.0
0.07073797253786827,0.35188525915145874,0.0,1.0,0.0,0.0
0.06304986222742802,0.3490429222583771,0.0,1.0,0.0,0.0
0.05628510944527454,0.3458898961544037,0.0,1.0,0.0,0.0
0.04890830962366412,0.34143751859664917,0.0,1.0,0.0,0.0
0.04160064273568738,0.3354271650314331,0.0,1.0,0.0,0.0
0.0,0.0,0.0,1.0,0.0,0.0
0.0,0.0,0.0,1.0,0.0,0.0
0.5708263266102072,0.5605595111846924,0.0,1.0,0.0,0.0
0.5679190313994011,0.5624878406524658,0.0,1.0,0.0,0.0
0.5650772096904608,0.5644490122795105,0.0,1.0,0.0,0.0
0.5622479392259492,0.5664840936660767,0.0,1.0,0.0,0.0
0.562569354598744,0.5691942572593689,0.0,1.0,1.0,0.0
0.5630642876909101,0.5719512701034546,0.0,1.0,1.0,0.0
0.5637311210740416,0.5747145414352417,0.0,1.0,1.0,0.0
0.5645774890102137,0.5775002241134644,0.0,1.0,1.0,0.0
0.5622826168909689,0.5796592831611633,0.0,1.0,0.0,0.0
0.5603680345384892,0.5815547108650208,0.0,1.0,0.0,0.0
0.560039243692164,0.5814074873924255,0.0,1.0,0.0,0.0
0.5597569053896525,0.5812807679176331,0.0,1.0,0.0,0.0
0.5594387248736692,0.5811376571655273,0.0,1.0,0.0,0.0
0.5591504344346244,0.5810076594352722,0.0,1.0,0.0,0.0
0.5588478459284727,0.5808708071708679,0.0,1.0,0.0,0.0
0.5585470042449993,0.5807344913482666,0.0,1.0,0.0,0.0
0.558243704070349,0.5805966854095459,0.0,1.0,0.0,0.0
0.5579440916324638,0.580460250377655,0.0,1.0,0.0,0.0
0.5576426029776281,0.5803225636482239,0.0,1.0,0.0,0.0
0.5573398203800677,0.5801841020584106,0.0,1.0,0.0,0.0
0.5570396903650927,0.5800463557243347,0.0,1.0,0.0,0.0
0.5567396897443903,0.5799083709716797,0.0,1.0,0.0,0.0
0.556441435946366,0.5797708034515381,0.0,1.0,0.0,0.0
0.5561413706285273,0.5796321630477905,0.0,1.0,0.0,0.0
0.5655273723643551,0.5780038237571716,1.0,0.0,0.0,0.0
0.5748566994088447,0.5764474868774414,1.0,0.0,0.0,0.0
0.5805585874191426,0.5743844509124756,1.0,0.0,0.0,1.0
0.5866990573159494,0.5722444653511047,1.0,0.0,0.0,1.0
0.5931841688574581,0.5700700283050537,1.0,0.0,0.0,1.0
0.5993937352957595,0.5680645704269409,1.0,0.0,0.0,1.0
0.6058611198219408,0.5660501718521118,1.0,0.0,0.0,1.0
0.6124240620183352,0.5640784502029419,1.0,0.0,0.0,1.0
0.6191265559375795,0.5621353387832642,1.0,0.0,0.0,1.0
0.625854605225635,0.5602518916130066,1.0,0.0,0.0,1.0
0.632775322585386,0.5583804249763489,1.0,0.0,0.0,1.0
0.6331024960033055,0.5559311509132385,1.0,0.0,0.0,1.0
0.6335815135999587,0.5534757971763611,1.0,0.0,0.0,1.0
0.6342231150999601,0.550983190536499,1.0,0.0,0.0,1.0
0.6350009040717275,0.5485503077507019,1.0,0.0,0.0,1.0
0.6385382199951496,0.5468751192092896,1.0,0.0,0.0,0.0
0.6421095019150929,0.5452348589897156,1.0,0.0,0.0,0.0
0.6457365527664672,0.5436180233955383,1.0,0.0,0.0,0.0
0.6494365172903737,0.5420163869857788,1.0,0.0,0.0,0.0
0.653239867837977,0.5404171347618103,1.0,0.0,0.0,0.0
0.6565197538563365,0.539817750453949,1.0,0.0,1.0,0.0
0.6597162452660945,0.5392409563064575,1.0,0.0,1.0,0.0
0.662999754324083,0.5386557579040527,1.0,0.0,1.0,0.0
0.6662765348799035,0.5380791425704956,1.0,0.0,1.0,0.0
0.6695557739269007,0.5375092029571533,1.0,0.0,1.0,0.0
0.6730101481216748,0.5369164347648621,1.0,0.0,1.0,0.0
0.6761722853520942,0.5363804697990417,1.0,0.0,1.0,0.0
0.6794576706270333,0.5358301997184753,1.0,0.0,1.0,0.0
0.6827977896792238,0.5352776646614075,1.0,0.0,1.0,0.0
0.6862410359665662,0.5347150564193726,1.0,0.0,1.0,0.0
0.6894522136262485,0.5341966152191162,1.0,0.0,1.0,0.0
0.6928390440107977,0.5336563587188721,1.0,0.0,1.0,0.0
0.6961455205521481,0.5331351161003113,1.0,0.0,1.0,0.0
0.6995133299786453,0.5326104760169983,1.0,0.0,1.0,0.0
0.7028649651210849,0.5320944786071777,1.0,0.0,1.0,0.0
0.7062393736554777,0.5315811038017273,1.0,0.0,1.0,0.0
0.7096603641279567,0.5310667157173157,1.0,0.0,1.0,0.0
0.7130184042868831,0.5305675864219666,1.0,0.0,1.0,0.0
0.7164162978817277,0.5300683975219727,1.0,0.0,1.0,0.0
0.7198194966417433,0.5295742154121399,1.0,0.0,1.0,0.0
0.7232278711726573,0.5290848612785339,1.0,0.0,1.0,0.0
0.7266129547345281,0.5286043286323547,1.0,0.0,1.0,0.0
0.730059953455772,0.5281206369400024,1.0,0.0,1.0,0.0
0.7334839199965176,0.527645468711853,1.0,0.0,1.0,0.0
0.7369342182717092,0.5271720886230469,1.0,0.0,1.0,0.0
0.7404213292174162,0.5266990065574646,1.0,0.0,1.0,0.0
0.7455923125278037,0.5284426808357239,1.0,0.0,1.0,0.0
0.7509864362610513,0.5302054286003113,1.0,0.0,1.0,0.0
0.7564066329402,0.5319227576255798,1.0,0.0,1.0,0.0
0.7619483955383266,0.5336259603500366,1.0,0.0,1.0,0.0
0.7682550076809743,0.5344695448875427,1.0,0.0,0.0,0.0
0.7746108543442937,0.5353030562400818,1.0,0.0,0.0,0.0
0.780910932076182,0.5361131429672241,1.0,0.0,0.0,0.0
0.7873453857600219,0.5369246006011963,1.0,0.0,0.0,0.0
0.7940518262045764,0.5377536416053772,1.0,0.0,0.0,0.0
0.8005236101360214,0.5385381579399109,1.0,0.0,0.0,0.0
0.8066136162665682,0.5392627716064453,1.0,0.0,0.0,0.0
0.8130649559029643,0.5400165319442749,1.0,0.0,0.0,0.0
0.8195529788156034,0.5407603979110718,1.0,0.0,0.0,0.0
0.8260376374771584,0.5414903163909912,1.0,0.0,0.0,0.0
0.8325463634733913,0.5422095656394958,1.0,0.0,0.0,0.0
0.8390404032196997,0.5429142713546753,1.0,0.0,0.0,0.0
0.8456349176185748,0.5436170697212219,1.0,0.0,0.0,0.0
0.8522069821111777,0.5443049669265747,1.0,0.0,0.0,0.0
0.8589762434750122,0.5450007915496826,1.0,0.0,0.0,0.0
0.8568532069495967,0.5471463203430176,0.0,1.0,0.0,0.0
0.8533352354699076,0.5483880639076233,0.0,1.0,0.0,0.0
0.8499106866549359,0.5496249198913574,0.0,1.0,0.0,0.0
0.8464913783079989,0.5508891344070435,0.0,1.0,0.0,0.0
0.8430643063047142,0.5521872043609619,0.0,1.0,0.0,0.0
0.8396873745820084,0.5534982681274414,0.0,1.0,0.0,0.0
0.8364690802373406,0.5547789931297302,0.0,1.0,0.0,0.0
0.8334480474610407,0.5560106635093689,0.0,1.0,0.0,0.0
0.8303068721027602,0.5573233366012573,0.0,1.0,0.0,0.0
0.8272343404060205,0.558640718460083,0.0,1.0,0.0,0.0
0.8242191303719815,0.5599677562713623,0.0,1.0,0.0,0.0
0.821159538102488,0.5605431795120239,0.0,1.0,0.0,1.0
0.8183958705341144,0.5610684156417847,0.0,1.0,0.0,1.0
0.815479776512781,0.5616284012794495,0.0,1.0,0.0,1.0
0.8126081941211745,0.5621856451034546,0.0,1.0,0.0,1.0
0.8097278776161767,0.562750518321991,0.0,1.0,0.0,1.0
0.8068834033246509,0.5633143782615662,0.0,1.0,0.0,1.0
0.804006709859282,0.5638906955718994,0.0,1.0,0.0,1.0
0.8011785392460864,0.5644634962081909,0.0,1.0,0.0,1.0
0.7981449552253578,0.5650847554206848,0.0,1.0,0.0,1.0
0.7955059590385011,0.565631091594696,0.0,1.0,0.0,1.0
0.7926979092346732,0.5662186741828918,0.0,1.0,0.0,1.0
0.7898918003449322,0.56681227684021,0.0,1.0,0.0,1.0
0.7870877617635507,0.5674120783805847,0.0,1.0,0.0,1.0
0.7843088903681629,0.5680131316184998,0.0,1.0,0.0,1.0
0.7815654083062934,0.5686131119728088,0.0,1.0,0.0,1.0
0.7786276407443227,0.5692631006240845,0.0,1.0,0.0,1.0
0.7760658929381257,0.5698361992835999,0.0,1.0,0.0,1.0
0.7733190466251721,0.5704575181007385,0.0,1.0,0.0,1.0
0.770490746617704,0.5711047649383545,0.0,1.0,0.0,1.0
0.7678831285419193,0.5717083215713501,0.0,1.0,0.0,1.0
0.7651800174930579,0.5723410844802856,0.0,1.0,0.0,1.0
0.7624855758604514,0.572979211807251,0.0,1.0,0.0,1.0
0.7574793114589077,0.5726224780082703,0.0,1.0,0.0,1.0
0.7524479445685064,0.5722588896751404,0.0,1.0,0.0,1.0
0.7473917986749287,0.571888267993927,0.0,1.0,0.0,1.0
0.7423632784585216,0.571514368057251,0.0,1.0,0.0,1.0
0.7373739647066704,0.5711380243301392,0.0,1.0,0.0,1.0
0.7323801221552829,0.5707559585571289,0.0,1.0,0.0,1.0
0.7273798745874087,0.5703677535057068,0.0,1.0,0.0,1.0
0.7223673345636507,0.5699728727340698,0.0,1.0,0.0,1.0
0.7173428902668261,0.5695710778236389,0.0,1.0,0.0,1.0
0.7123762852097918,0.5691680312156677,0.0,1.0,0.0,1.0
0.7073944763257434,0.5687577128410339,0.0,1.0,0.0,1.0
0.7021327876303602,0.5683175325393677,0.0,1.0,0.0,1.0
0.6973453936406856,0.56791090965271,0.0,1.0,0.0,1.0
0.6924327459952678,0.567487359046936,0.0,1.0,0.0,1.0
0.6874843855306508,0.5670541524887085,0.0,1.0,0.0,1.0
0.6825306552037266,0.5666137337684631,0.0,1.0,0.0,1.0
0.6775638560552837,0.5661652088165283,0.0,1.0,0.0,1.0
0.6726233886412867,0.5657119154930115,0.0,1.0,0.0,1.0
0.6676580775269771,0.5652491450309753,0.0,1.0,0.0,1.0
0.6627603749200288,0.564785361289978,0.0,1.0,0.0,1.0
0.6577678910085023,0.5643048882484436,0.0,1.0,0.0,1.0
0.6526289974776853,0.5638020634651184,0.0,1.0,0.0,1.0
0.6479415605634873,0.5633358359336853,0.0,1.0,0.0,1.0
0.6430053631604816,0.5628370046615601,0.0,1.0,0.0,1.0
0.6380967914346465,0.5623325109481812,0.0,1.0,0.0,1.0
0.6331868610689505,0.5618194937705994,0.0,1.0,0.0,1.0
0.6283031977405643,0.56130051612854,0.0,1.0,0.0,1.0
0.6234531122258818,0.5607762932777405,0.0,1.0,0.0,1.0
0.6185365180551541,0.5602357983589172,0.0,1.0,0.0,1.0
0.6136429560649246,0.5596883893013,0.0,1.0,0.0,1.0
0.6086922665034031,0.5601983070373535,0.0,1.0,0.0,0.0
0.6034832412769119,0.56074458360672,0.0,1.0,0.0,0.0
0.5988782932114082,0.5612360239028931,0.0,1.0,0.0,0.0
0.5939503123447039,0.5617710947990417,0.0,1.0,0.0,0.0
0.589023043146498,0.562315821647644,0.0,1.0,0.0,0.0
0.5841115600495325,0.5628687739372253,0.0,1.0,0.0,0.0
0.5791816382687413,0.5634340047836304,0.0,1.0,0.0,0.0
0.574179708575325,0.5640183091163635,0.0,1.0,0.0,0.0
0.5694302271074815,0.5645834803581238,0.0,1.0,0.0,0.0
0.5645328479862144,0.5651770830154419,0.0,1.0,0.0,0.0
0.5596927258305114,0.5657750368118286,0.0,1.0,0.0,0.0
0.5548209667751918,0.5663884282112122,0.0,1.0,0.0,0.0
0.5499596886559414,0.567012369632721,0.0,1.0,0.0,0.0
0.5451195018031023,0.567645788192749,0.0,1.0,0.0,0.0
0.5401497589349609,0.5683091878890991,0.0,1.0,0.0,0.0
0.5354550435929368,0.5689483880996704,0.0,1.0,0.0,0.0
0.530588298565675,0.5696242451667786,0.0,1.0,0.0,0.0
0.5258280773732172,0.5702987909317017,0.0,1.0,0.0,0.0
0.521011407929398,0.5709952712059021,0.0,1.0,0.0,0.0
0.5162213290085698,0.5717023015022278,0.0,1.0,0.0,0.0
0.5114601697076366,0.5724196434020996,0.0,1.0,0.0,0.0
0.5067135996109235,0.5731499195098877,0.0,1.0,0.0,0.0
0.5019094490629651,0.5739048719406128,0.0,1.0,0.0,0.0
0.4971957127628892,0.5746614933013916,0.0,1.0,0.0,0.0
0.49245593586548037,0.575438916683197,0.0,1.0,0.0,0.0
0.4877227904245352,0.5762322545051575,0.0,1.0,0.0,0.0
0.48273774668367525,0.5770869851112366,0.0,1.0,0.0,0.0
0.4783258872212525,0.577860414981842,0.0,1.0,0.0,0.0
0.4736347625702893,0.5787007808685303,0.0,1.0,0.0,0.0
0.468961817814607,0.5795570611953735,0.0,1.0,0.0,0.0
0.4643094467482461,0.5804293155670166,0.0,1.0,0.0,0.0
0.45967098556617475,0.581319272518158,0.0,1.0,0.0,0.0
0.4548866323419029,0.5822591781616211,0.0,1.0,0.0,0.0
0.45042977602123163,0.5831557512283325,0.0,1.0,0.0,0.0
0.44558353998615496,0.5841543674468994,0.0,1.0,0.0,0.0
0.4412378333455283,0.5850717425346375,0.0,1.0,0.0,0.0
0.4366844812461687,0.5860559940338135,0.0,1.0,0.0,0.0
0.42763914228116445,0.5880849361419678,0.0,1.0,0.0,0.0
0.41860509296643256,0.5902160406112671,0.0,1.0,0.0,0.0
0.40930966722132794,0.5925275087356567,0.0,1.0,0.0,0.0
0.4008350216950161,0.5947489142417908,0.0,1.0,0.0,0.0
0.3921031403550504,0.5971619486808777,0.0,1.0,0.0,0.0
0.38337219712356,0.5997123122215271,0.0,1.0,0.0,0.0
0.3748494169278924,0.6023472547531128,0.0,1.0,0.0,0.0
0.3663622525057199,0.6051284074783325,0.0,1.0,0.0,0.0
0.3580033825046932,0.608036458492279,0.0,1.0,0.0,0.0
0.35340166929600103,0.61192387342453,0.0,1.0,1.0,0.0
0.34905453931837727,0.6158751845359802,0.0,1.0,1.0,0.0
0.344863911713296,0.6199890375137329,0.0,1.0,1.0,0.0
0.34097169964907953,0.6241317987442017,0.0,1.0,1.0,0.0
0.3373042777846972,0.6283812522888184,0.0,1.0,1.0,0.0
0.33385815247479245,0.632753312587738,0.0,1.0,1.0,0.0
0.3306672573673185,0.6372159123420715,0.0,1.0,1.0,0.0
0.3277554980541125,0.6417383551597595,0.0,1.0,1.0,0.0
0.3250993571261547,0.646363377571106,0.0,1.0,1.0,0.0
0.3227428933332182,0.6510165929794312,0.0,1.0,1.0,0.0
0.32064075398280517,0.6557968258857727,0.0,1.0,1.0,0.0
0.3147933621131241,0.6602891087532043,0.0,1.0,0.0,0.0
0.3092936850021158,0.6648712754249573,0.0,1.0,0.0,0.0
0.30401734240537637,0.669655442237854,0.0,1.0,0.0,0.0
0.29910543877702533,0.6745206117630005,0.0,1.0,0.0,0.0
0.29438584738612056,0.6796534061431885,0.0,1.0,0.0,0.0
0.28967476366863015,0.6853388547897339,0.0,1.0,0.0,0.0
0.2858826704227309,0.6904366612434387,0.0,1.0,0.0,0.0
0.2791124386018529,0.6944964528083801,0.0,1.0,0.0,1.0
0.2726173313527966,0.6986983418464661,0.0,1.0,0.0,1.0
0.2662882207810246,0.7031261920928955,0.0,1.0,0.0,1.0
0.26016332671976533,0.7077752947807312,0.0,1.0,0.0,1.0
0.254319509366861,0.7126023173332214,0.0,1.0,0.0,1.0
0.24867732063902015,0.7176922559738159,0.0,1.0,0.0,1.0
0.24328395709712317,0.7230306267738342,0.0,1.0,0.0,1.0
0.23820510250872842,0.7285715937614441,0.0,1.0,0.0,1.0
0.2334115137682596,0.7343667149543762,0.0,1.0,0.0,1.0
0.22882307964677884,0.7405639886856079,0.0,1.0,0.0,1.0
0.2248339189239204,0.746618926525116,0.0,1.0,0.0,1.0
0.22083524772203608,0.7535213232040405,0.0,1.0,0.0,1.0
0.2175937756283136,0.7599607110023499,0.0,1.0,0.0,1.0
0.21467168094759478,0.7667017579078674,0.0,1.0,0.0,1.0
0.21209691284273133,0.7737606763839722,0.0,1.0,0.0,1.0
0.209933586175728,0.7810373902320862,0.0,1.0,0.0,1.0
0.20823997689204474,0.7883380651473999,0.0,1.0,0.0,1.0
0.20697898118405317,0.7958316206932068,0.0,1.0,0.0,1.0
0.20617853204032094,0.8034446835517883,0.0,1.0,0.0,1.0
0.20303768016772153,0.8087295293807983,0.0,0.0,0.0,1.0
0.20015162179188328,0.8141266107559204,0.0,0.0,0.0,1.0
0.19745994596185065,0.8197694420814514,0.0,0.0,0.0,1.0
0.19502117123734444,0.8255656957626343,0.0,0.0,0.0,1.0
0.1928755230628162,0.8314179182052612,0.0,0.0,0.0,1.0
0.1909680735696059,0.8374913334846497,0.0,0.0,0.0,1.0
0.1893513244837649,0.8436475992202759,0.0,0.0,0.0,1.0
0.18802766959933373,0.8498728275299072,0.0,0.0,0.0,1.0
0.1869891996914082,0.8562218546867371,0.0,0.0,0.0,1.0
0.18625576060652707,0.862582802772522,0.0,0.0,0.0,1.0
0.18582304998513105,0.8689585328102112,0.0,0.0,0.0,1.0
0.1856900326730404,0.8754827976226807,0.0,0.0,0.0,1.0
0.18418923702960915,0.8787209987640381,1.0,0.0,0.0,1.0
0.18277308141465193,0.8819940090179443,1.0,0.0,0.0,1.0
0.17355513049018378,0.8789092302322388,1.0,0.0,0.0,1.0
0.1640736519555633,0.8753460645675659,1.0,0.0,0.0,1.0
0.15539501635871558,0.8716689944267273,1.0,0.0,0.0,1.0
0.14641283797295673,0.8673569560050964,1.0,0.0,0.0,1.0
0.13767603965063746,0.8625584244728088,1.0,0.0,0.0,1.0
0.1289316475019531,0.8570131063461304,1.0,0.0,0.0,1.0
0.12000468003482526,0.8503787517547607,1.0,0.0,0.0,1.0
0.11218001428765673,0.8435200452804565,1.0,0.0,0.0,1.0
0.1040772317261158,0.835060179233551,1.0,0.0,0.0,1.0
0.09640556661899122,0.8253292441368103,1.0,0.0,0.0,1.0
0.0892138733912793,0.814069390296936,1.0,0.0,0.0,1.0
0.08247079010619215,0.8007485270500183,1.0,0.0,0.0,1.0
0.07641202460530283,0.7852092385292053,1.0,0.0,0.0,1.0
0.0712401840578603,0.7673588395118713,1.0,0.0,0.0,1.0
0.06709847557491157,0.7470337748527527,1.0,0.0,0.0,1.0
0.06415590020700465,0.7241901159286499,1.0,0.0,0.0,1.0
0.06264416266040837,0.6997506022453308,1.0,0.0,0.0,1.0
0.06267436813588614,0.6742926836013794,1.0,0.0,0.0,1.0
0.06419441117734608,0.6504056453704834,1.0,0.0,0.0,1.0
0.06714314086033694,0.6276975274085999,1.0,0.0,0.0,1.0
0.07133532119668778,0.6072554588317871,1.0,0.0,0.0,1.0
0.07697178422797221,0.5881606340408325,1.0,0.0,0.0,1.0
0.08267521688239761,0.5737960934638977,1.0,0.0,0.0,1.0
0.08938415625383891,0.5606339573860168,1.0,0.0,0.0,1.0
0.09720738248972631,0.5485578179359436,1.0,0.0,0.0,1.0
0.10063121963619949,0.5387390851974487,0.0,0.0,0.0,1.0
0.10131456696335386,0.5324315428733826,0.0,1.0,0.0,1.0
0.10215190964902172,0.5262374877929688,0.0,1.0,0.0,1.0
0.10321857133405986,0.5197182297706604,0.0,1.0,0.0,1.0
0.1042878936888255,0.5141470432281494,0.0,1.0,0.0,1.0
0.10558589615874112,0.5082528591156006,0.0,1.0,0.0,1.0
0.10700947577008084,0.5025685429573059,0.0,1.0,0.0,1.0
0.10700947577008084,0.5025685429573059,0.0,1.0,0.0,0.0
0.10700947577008084,0.5025685429573059,0.0,1.0,0.0,0.0
0.10700947577008084,0.5025685429573059,0.0,1.0,0.0,0.0
0.10700947577008084,0.5025685429573059,0.0,1.0,0.0,0.0
0.10700947577008084,0.5025685429573059,0.0,1.0,0.0,0.0
0.10700947577008084,0.5025685429573059,0.0,1.0,0.0,0.0
0.10700947577008084,0.5025685429573059,0.0,1.0,0.0,0.0
0.10700947577008084,0.5025685429573059,0.0,1.0,0.0,0.0
0.10700947577008084,0.5025685429573059,0.0,1.0,0.0,0.0
0.10700947577008084,0.5025685429573059,0.0,1.0,0.0,0.0
0.10700947577008084,0.5025685429573059,0.0,1.0,0.0,0.0
0.10700947577008084,0.5025685429573059,0.0,1.0,0.0,0.0
0.10700947577008084,0.5025685429573059,0.0,1.0,0.0,0.0
0.10700947577008084,0.5025685429573059,0.0,1.0,0.0,0.0
0.10700947577008084,0.5025685429573059,0.0,1.0,0.0,0.0
0.10700947577008084,0.5025685429573059,0.0,1.0,0.0,0.0
0.10700947577008084,0.5025685429573059,0.0,1.0,0.0,0.0
0.10700947577008084,0.5025685429573059,0.0,1.0,0.0,0.0
0.10700947577008084,0.5025685429573059,0.0,1.0,0.0,0.0
0.10700947577008084,0.5025685429573059,0.0,1.0,0.0,0.0
0.10700947577008084,0.5025685429573059,0.0,1.0,0.0,0.0
0.10700947577008084,0.5025685429573059,0.0,1.0,0.0,0.0
0.10700947577008084,0.5025685429573059,0.0,1.0,0.0,0.0
0.10700947577008084,0.5025685429573059,0.0,1.0,0.0,0.0
0.10700947577008084,0.5025685429573059,0.0,1.0,0.0,0.0
0.10700947577008084,0.5025685429573059,0.0,1.0,0.0,0.0
0.10700947577008084,0.5025685429573059,0.0,1.0,0.0,0.0
0.10700941916008663,0.5025685429573059,0.0,1.0,0.0,0.0
0.10145003467947925,0.4938906729221344,0.0,1.0,0.0,0.0
0.09678348685314174,0.485352486371994,0.0,1.0,0.0,0.0
0.09215839371684414,0.4753565788269043,0.0,1.0,0.0,0.0
0.08795297472899208,0.46440714597702026,0.0,1.0,0.0,0.0
0.08418291085797946,0.45234543085098267,0.0,1.0,0.0,0.0
0.08094422074111494,0.4392569661140442,0.0,1.0,0.0,0.0
0.07829919963344678,0.4252019226551056,0.0,1.0,0.0,0.0
0.07629514114155976,0.41020485758781433,0.0,1.0,0.0,0.0
0.07500952008609031,0.39469003677368164,0.0,1.0,0.0,0.0
0.0744545965743542,0.378536194562912,0.0,1.0,0.0,0.0
0.07465870795202052,0.3627099394798279,0.0,1.0,0.0,0.0
0.07570219188800396,0.3458525240421295,0.0,1.0,0.0,0.0
0.07729036101391498,0.33161333203315735,0.0,1.0,0.0,0.0
0.07964047640035883,0.31714487075805664,0.0,1.0,0.0,0.0
0.08281701683073159,0.3027810752391815,0.0,1.0,0.0,0.0
0.08613982939898028,0.29106590151786804,0.0,1.0,0.0,0.0
0.09033699950196292,0.27912649512290955,0.0,1.0,0.0,0.0
0.09460134949377928,0.2691422700881958,0.0,1.0,0.0,0.0
0.0994346218401837,0.25963538885116577,0.0,1.0,0.0,0.0
0.10453518231778389,0.2511206269264221,0.0,1.0,0.0,0.0
0.1154279641821443,0.2510148882865906,0.0,0.0,1.0,0.0
0.1154279641821443,0.2510148882865906,0.0,0.0,1.0,0.0
0.1154279641821443,0.2510148882865906,0.0,0.0,1.0,0.0
0.1154279641821443,0.2510148882865906,0.0,0.0,1.0,0.0
0.1154279641821443,0.2510148882865906,0.0,0.0,1.0,0.0
0.1154279641821443,0.2510148882865906,0.0,0.0,1.0,0.0
0.1154279641821443,0.2510148882865906,0.0,0.0,1.0,0.0
