null,null,null,null,null,null
0.09422405196956497,0.5089541077613831,0.0,0.0,1.0,0.0
0.0998989370126285,0.5168589949607849,0.0,0.0,1.0,0.0
0.10587665317610462,0.5239908695220947,0.0,0.0,1.0,0.0
0.11203994498771692,0.5303452610969543,0.0,0.0,1.0,0.0
0.11830048468222622,0.5359763503074646,0.0,0.0,1.0,0.0
0.12481123246396633,0.5411227941513062,0.0,0.0,1.0,0.0
0.12109366223186303,0.5499438047409058,0.0,0.0,1.0,0.0
0.12759098535783525,0.5540503859519958,0.0,0.0,1.0,0.0
0.13437386546884642,0.5578680038452148,0.0,0.0,1.0,0.0
0.141270644888192,0.561337947845459,0.0,0.0,1.0,0.0
0.1385300256746007,0.5692539811134338,0.0,0.0,1.0,0.0
0.14565631818472527,0.5720896124839783,0.0,0.0,1.0,0.0
0.14299411190024577,0.5754740238189697,0.0,0.0,1.0,0.0
0.14709887023126467,0.5751112103462219,0.0,0.0,1.0,0.0
0.14449301515244228,0.5785196423530579,0.0,0.0,1.0,0.0
0.14849784875655261,0.5780861973762512,0.0,0.0,1.0,0.0
0.14595263106866257,0.5815115571022034,0.0,0.0,1.0,0.0
0.15000276884241856,0.5809959173202515,0.0,0.0,1.0,0.0
0.14752334814207532,0.5844249129295349,0.0,0.0,1.0,0.0
0.15478225360718906,0.5863670706748962,0.0,0.0,1.0,0.0
0.15314952432869905,0.593951940536499,0.0,0.0,1.0,0.0
0.15186452598316583,0.6017327904701233,0.0,0.0,1.0,0.0
0.15095459311064693,0.6095575094223022,0.0,0.0,1.0,0.0
0.15041332069465554,0.6174602508544922,0.0,0.0,1.0,0.0
0.15024525370901182,0.6254764795303345,0.0,0.0,1.0,0.0
0.15047390956273574,0.6337882280349731,0.0,0.0,1.0,0.0
0.15103379857967755,0.6412774920463562,0.0,0.0,1.0,0.0
0.15198122344264223,0.6490830779075623,0.0,0.0,1.0,0.0
0.15330107737031984,0.656834602355957,0.0,0.0,1.0,0.0
0.15497977396410187,0.6644437313079834,0.0,0.0,1.0,0.0
0.15698810246698014,0.67181795835495,0.0,0.0,1.0,0.0
0.15944749940365993,0.6793376207351685,0.0,0.0,1.0,0.0
0.15929571992206235,0.6832103133201599,0.0,0.0,1.0,0.0
0.15923804242511252,0.6872591972351074,0.0,0.0,1.0,0.0
0.1592837994747118,0.6913219094276428,0.0,0.0,1.0,0.0
0.1594450247381991,0.6956139206886292,0.0,0.0,1.0,0.0
0.1596855363421373,0.6994202733039856,0.0,0.0,1.0,0.0
0.16004085301431717,0.7034502029418945,0.0,0.0,1.0,0.0
0.1605055725438634,0.7075164914131165,0.0,0.0,1.0,0.0
0.161060900412701,0.7114691734313965,0.0,0.0,1.0,0.0
0.1617251459103832,0.7154492735862732,0.0,0.0,1.0,0.0
0.1624789807674611,0.7193427085876465,0.0,0.0,1.0,0.0
0.16333966294502422,0.7232429385185242,0.0,0.0,1.0,0.0
0.1642861658737976,0.7270573377609253,0.0,0.0,1.0,0.0
0.16535316721880094,0.7309197187423706,0.0,0.0,1.0,0.0
0.16648174406321203,0.7346221804618835,0.0,0.0,1.0,0.0
0.16771288204283305,0.738312304019928,0.0,0.0,1.0,0.0
0.16909651117255023,0.742114782333374,0.0,0.0,1.0,0.0
0.17044313354034335,0.7455317378044128,0.0,0.0,1.0,0.0
0.17193197638785593,0.7490414381027222,0.0,0.0,1.0,0.0
0.17350138334426,0.7524857521057129,0.0,0.0,1.0,0.0
0.17350138334426,0.7524857521057129,0.0,0.0,1.0,0.0
0.17350138334426,0.7524857521057129,0.0,0.0,1.0,0.0
0.17350138334426,0.7524857521057129,0.0,0.0,1.0,0.0
0.17350138334426,0.7524857521057129,0.0,0.0,1.0,0.0
0.17350138334426,0.7524857521057129,0.0,0.0,1.0,0.0
0.17350138334426,0.7524857521057129,0.0,0.0,1.0,0.0
0.17350138334426,0.7524857521057129,0.0,0.0,1.0,0.0
0.17350138334426,0.7524857521057129,0.0,0.0,1.0,0.0
0.17350138334426,0.7524857521057129,0.0,0.0,1.0,0.0
0.17350138334426,0.7524857521057129,0.0,0.0,1.0,0.0
0.17350138334426,0.7524857521057129,0.0,0.0,1.0,0.0
0.1684237094786015,0.7575191855430603,0.0,1.0,0.0,0.0
0.16344055812897626,0.7629563808441162,0.0,1.0,0.0,0.0
0.15871894495256425,0.7686535120010376,0.0,1.0,0.0,0.0
0.1541647356161496,0.7747599482536316,0.0,1.0,0.0,0.0
0.14986292598245557,0.7812091112136841,0.0,1.0,0.0,0.0
0.14650512843779004,0.7836577296257019,0.0,1.0,0.0,0.0
0.14319100146008035,0.7862147688865662,0.0,1.0,0.0,0.0
0.13987844338792424,0.7889235615730286,0.0,1.0,0.0,0.0
0.13642897000121956,0.7919237017631531,0.0,1.0,0.0,0.0
0.1334444183226119,0.7946827411651611,0.0,1.0,0.0,0.0
0.13015309708542355,0.7979204654693604,0.0,1.0,0.0,0.0
0.12717389100769694,0.8010472655296326,0.0,1.0,0.0,0.0
0.12412558838847577,0.804462194442749,0.0,1.0,0.0,0.0
0.12114093966416374,0.8080428242683411,0.0,1.0,0.0,0.0
0.11821692833078407,0.8118072748184204,0.0,1.0,0.0,0.0
0.11536135848039462,0.8157618045806885,0.0,1.0,0.0,0.0
0.11259069553416615,0.8198988437652588,0.0,1.0,0.0,0.0
0.11259069553416615,0.8198988437652588,0.0,1.0,0.0,0.0
0.11259069553416615,0.8198988437652588,0.0,1.0,0.0,0.0
0.11259069553416615,0.8198988437652588,0.0,1.0,0.0,0.0
0.11259069553416615,0.8198988437652588,0.0,1.0,0.0,0.0
0.11259070362130817,0.8198988437652588,0.0,1.0,0.0,0.0
0.11259069553416615,0.8198988437652588,0.0,1.0,0.0,0.0
0.11259070362130817,0.8198988437652588,0.0,1.0,0.0,0.0
0.11259070362130817,0.8198988437652588,0.0,1.0,0.0,0.0
0.11259070362130817,0.8198988437652588,0.0,1.0,0.0,0.0
0.1125907117084502,0.8198988437652588,0.0,1.0,0.0,0.0
0.1125907117084502,0.8198988437652588,0.0,1.0,0.0,0.0
0.11259072788273426,0.8198988437652588,0.0,1.0,0.0,0.0
0.11259072788273426,0.8198988437652588,0.0,1.0,0.0,0.0
0.1125907117084502,0.8198988437652588,0.0,1.0,0.0,0.0
0.1125907117084502,0.8198988437652588,0.0,1.0,0.0,0.0
0.1125907117084502,0.8198988437652588,0.0,1.0,0.0,0.0
0.1125907117084502,0.8198988437652588,0.0,1.0,0.0,0.0
0.1125907117084502,0.8198988437652588,0.0,1.0,0.0,0.0
0.1125907117084502,0.8198988437652588,0.0,1.0,0.0,0.0
0.1125907117084502,0.8198988437652588,0.0,1.0,0.0,0.0
0.1125907117084502,0.8198988437652588,0.0,1.0,0.0,0.0
0.1125907117084502,0.8198988437652588,0.0,1.0,0.0,0.0
0.1125907117084502,0.8198988437652588,0.0,1.0,0.0,0.0
0.1125907117084502,0.8198988437652588,0.0,1.0,0.0,0.0
0.1125907117084502,0.8198988437652588,0.0,1.0,0.0,0.0
0.1125907117084502,0.8198988437652588,0.0,1.0,0.0,0.0
0.1125907117084502,0.8198988437652588,0.0,1.0,0.0,0.0
0.1125907117084502,0.8198988437652588,0.0,1.0,0.0,0.0
0.1125907117084502,0.8198988437652588,0.0,1.0,0.0,0.0
0.1125907117084502,0.8198988437652588,0.0,1.0,0.0,0.0
0.1125907117084502,0.8198988437652588,0.0,1.0,0.0,0.0
0.1125907117084502,0.8198988437652588,0.0,1.0,0.0,0.0
0.1125907117084502,0.8198988437652588,0.0,1.0,0.0,0.0
0.1125907117084502,0.8198988437652588,0.0,1.0,0.0,0.0
0.1125907117084502,0.8198988437652588,0.0,1.0,0.0,0.0
0.1125907117084502,0.8198988437652588,0.0,1.0,0.0,0.0
0.1125907117084502,0.8198988437652588,0.0,1.0,0.0,0.0
0.1125907117084502,0.8198988437652588,0.0,1.0,0.0,0.0
0.1125907117084502,0.8198988437652588,0.0,1.0,0.0,0.0
0.1125907117084502,0.8198988437652588,0.0,1.0,0.0,0.0
0.1125907117084502,0.8198988437652588,0.0,1.0,0.0,0.0
0.1125907117084502,0.8198988437652588,0.0,1.0,0.0,0.0
0.1125907117084502,0.8198988437652588,0.0,1.0,0.0,0.0
0.11259070362130817,0.8198988437652588,0.0,1.0,0.0,0.0
0.10857700650953421,0.8201725482940674,0.0,1.0,0.0,1.0
0.10451847428235227,0.8204706907272339,0.0,1.0,0.0,1.0
0.1004773941076686,0.8207915425300598,0.0,1.0,0.0,1.0
0.09639483498151892,0.8211430311203003,0.0,1.0,0.0,1.0
0.09236098471180905,0.8215209245681763,0.0,1.0,0.0,1.0
0.08827202056917252,0.82193922996521,0.0,1.0,0.0,1.0
0.08418861229310981,0.8223975896835327,0.0,1.0,0.0,1.0
0.08015847402159118,0.8228960037231445,0.0,1.0,0.0,1.0
0.07609545343058322,0.8234519362449646,0.0,1.0,0.0,1.0
0.0720739198781833,0.8240640163421631,0.0,1.0,0.0,1.0
0.06798986463075828,0.8247600197792053,0.0,1.0,0.0,1.0
0.06393601081524003,0.8255389928817749,0.0,1.0,0.0,1.0
0.059852618713461384,0.8264307379722595,0.0,1.0,0.0,1.0
0.05582544437949633,0.8274385929107666,0.0,1.0,0.0,1.0
0.05177231840676068,0.8286120295524597,0.0,1.0,0.0,1.0
0.04752669823588315,0.8300568461418152,0.0,1.0,0.0,1.0
0.043692204104326636,0.8316049575805664,0.0,1.0,0.0,1.0
0.039656008563428394,0.8335603475570679,0.0,1.0,0.0,1.0
0.211999576001272,0.75,0.0,1.0,0.0,1.0
0.20462065734845,0.7558481097221375,0.0,1.0,0.0,1.0
0.19760108276453828,0.7620658278465271,0.0,1.0,0.0,1.0
0.19079822741271585,0.768843412399292,0.0,1.0,0.0,1.0
0.1822175109315535,0.7730785012245178,0.0,1.0,0.0,1.0
0.17392461583519822,0.7776433229446411,0.0,1.0,0.0,1.0
0.16570969696228516,0.7827126383781433,0.0,1.0,0.0,1.0
0.157706062762018,0.7882853150367737,0.0,1.0,0.0,1.0
0.15043287540408132,0.79017573595047,0.0,1.0,0.0,1.0
0.14719523661568054,0.7928268313407898,0.0,1.0,0.0,0.0
0.14400904822486735,0.7955886721611023,0.0,1.0,0.0,0.0
0.14087757743702142,0.7984656691551208,0.0,1.0,0.0,0.0
0.13778586303938933,0.801480770111084,0.0,1.0,0.0,0.0
0.1346804571103024,0.8047031760215759,0.0,1.0,0.0,0.0
0.1317415249998795,0.8079520463943481,0.0,1.0,0.0,0.0
0.12883033178661557,0.811383843421936,0.0,1.0,0.0,0.0
0.1259676371640987,0.8149909377098083,0.0,1.0,0.0,0.0
0.12317035134631123,0.8187670111656189,0.0,1.0,0.0,0.0
0.12045948472824412,0.8226953148841858,0.0,1.0,0.0,0.0
0.12045948472824412,0.8226953148841858,0.0,1.0,0.0,0.0
0.12045948472824412,0.8226953148841858,0.0,1.0,0.0,0.0
0.12045948472824412,0.8226953148841858,0.0,1.0,0.0,0.0
0.12045948472824412,0.8226953148841858,0.0,1.0,0.0,0.0
0.12045948472824412,0.8226953148841858,0.0,1.0,0.0,0.0
0.12045948472824412,0.8226953148841858,0.0,1.0,0.0,0.0
0.12045948472824412,0.8226953148841858,0.0,1.0,0.0,0.0
0.12045949281538615,0.8226953148841858,0.0,1.0,0.0,0.0
0.12045950090252817,0.8226953148841858,0.0,1.0,0.0,0.0
0.12045950090252817,0.8226953148841858,0.0,1.0,0.0,0.0
0.12045949281538615,0.8226953148841858,0.0,1.0,0.0,0.0
0.12045949281538615,0.8226953148841858,0.0,1.0,0.0,0.0
0.12045949281538615,0.8226953148841858,0.0,1.0,0.0,0.0
0.12045950090252817,0.8226953148841858,0.0,1.0,0.0,0.0
0.12045950090252817,0.8226953148841858,0.0,1.0,0.0,0.0
0.12045949281538615,0.8226953148841858,0.0,1.0,0.0,0.0
0.12045949281538615,0.8226953148841858,0.0,1.0,0.0,0.0
0.12045949281538615,0.8226953148841858,0.0,1.0,0.0,0.0
0.12045949281538615,0.8226953148841858,0.0,1.0,0.0,0.0
0.12045949281538615,0.8226953148841858,0.0,1.0,0.0,0.0
0.12045949281538615,0.8226953148841858,0.0,1.0,0.0,0.0
0.12045949281538615,0.8226953148841858,0.0,1.0,0.0,0.0
0.12045949281538615,0.8226953148841858,0.0,1.0,0.0,0.0
0.12045950090252817,0.8226954340934753,0.0,1.0,0.0,0.0
0.12045950090252817,0.8226954340934753,0.0,1.0,0.0,0.0
0.12045950090252817,0.8226954340934753,0.0,1.0,0.0,0.0
0.12045950090252817,0.8226954340934753,0.0,1.0,0.0,0.0
0.12045950090252817,0.8226954340934753,0.0,1.0,0.0,0.0
0.12045950090252817,0.8226954340934753,0.0,1.0,0.0,0.0
0.12045950090252817,0.8226954340934753,0.0,1.0,0.0,0.0
0.12045950090252817,0.8226954340934753,0.0,1.0,0.0,0.0
0.12045950090252817,0.8226954340934753,0.0,1.0,0.0,0.0
0.12045950090252817,0.8226954340934753,0.0,1.0,0.0,0.0
0.12045950090252817,0.8226954340934753,0.0,1.0,0.0,0.0
0.12045950090252817,0.8226954340934753,0.0,1.0,0.0,0.0
0.12045950090252817,0.8226954340934753,0.0,1.0,0.0,0.0
0.12045950090252817,0.8226954340934753,0.0,1.0,0.0,0.0
0.12045950090252817,0.8226954340934753,0.0,1.0,0.0,0.0
0.12045950090252817,0.8226954340934753,0.0,1.0,0.0,0.0
0.12045950090252817,0.8226954340934753,0.0,1.0,0.0,0.0
0.12318798131593414,0.8187424540519714,0.0,1.0,1.0,0.0
0.12318798131593414,0.8187424540519714,0.0,1.0,1.0,0.0
0.12318798131593414,0.8187424540519714,0.0,1.0,1.0,0.0
0.12318796514165008,0.8187424540519714,0.0,1.0,1.0,0.0
0.12318796514165008,0.8187424540519714,0.0,1.0,1.0,0.0
0.12318794896736603,0.8187424540519714,0.0,1.0,1.0,0.0
0.12318794896736603,0.8187424540519714,0.0,1.0,1.0,0.0
0.12318794896736603,0.8187424540519714,0.0,1.0,1.0,0.0
0.12318794896736603,0.8187424540519714,0.0,1.0,1.0,0.0
0.12318794896736603,0.8187424540519714,0.0,1.0,1.0,0.0
0.12318794896736603,0.8187424540519714,0.0,1.0,1.0,0.0
0.12318794896736603,0.8187424540519714,0.0,1.0,1.0,0.0
0.12318794896736603,0.8187424540519714,0.0,1.0,1.0,0.0
0.12318794896736603,0.8187424540519714,0.0,1.0,1.0,0.0
0.12318794896736603,0.8187424540519714,0.0,1.0,1.0,0.0
0.12318795705450805,0.8187424540519714,0.0,1.0,1.0,0.0
0.12318794896736603,0.8187424540519714,0.0,1.0,1.0,0.0
0.12318795705450805,0.8187424540519714,0.0,1.0,1.0,0.0
0.12309399255127476,0.8130684494972229,0.0,0.0,1.0,0.0
0.1231378895582074,0.8082122802734375,0.0,0.0,1.0,0.0
0.12331792551405381,0.8028905391693115,0.0,0.0,1.0,0.0
0.12362174326579392,0.7977776527404785,0.0,0.0,1.0,0.0
0.12406673016878975,0.7925491333007812,0.0,0.0,1.0,0.0
0.12463638036616041,0.7874292135238647,0.0,0.0,1.0,0.0
0.1253431561437724,0.7822990417480469,0.0,0.0,1.0,0.0
0.12398832532681998,0.7723216414451599,1.0,0.0,1.0,0.0
0.12319341587537753,0.7631857395172119,1.0,0.0,1.0,0.0
0.12280127035839825,0.7535412907600403,1.0,0.0,1.0,0.0
0.12120131017940916,0.7485969662666321,1.0,0.0,1.0,0.0
0.11967886525676666,0.7433712482452393,1.0,0.0,1.0,0.0
0.1184059329271405,0.738494336605072,1.0,0.0,1.0,0.0
0.11712620739821009,0.7329633831977844,1.0,0.0,1.0,0.0
0.1161005879589684,0.7279012203216553,1.0,0.0,1.0,0.0
0.11514204327571405,0.7224308252334595,1.0,0.0,1.0,0.0
0.11432943915751245,0.716933012008667,1.0,0.0,1.0,0.0
0.11365201161832321,0.7113345861434937,1.0,0.0,1.0,0.0
0.11310940482389704,0.7055849432945251,1.0,0.0,1.0,0.0
0.11310941291103907,0.7055849432945251,1.0,0.0,1.0,0.0
0.1131094209981811,0.7055849432945251,1.0,0.0,1.0,0.0
0.1131094209981811,0.7055849432945251,1.0,0.0,1.0,0.0
0.1131094209981811,0.7055849432945251,1.0,0.0,1.0,0.0
0.1131094209981811,0.7055849432945251,1.0,0.0,1.0,0.0
0.1131094209981811,0.7055849432945251,1.0,0.0,1.0,0.0
0.11310942908532312,0.7055850028991699,1.0,0.0,1.0,0.0
0.11310942908532312,0.7055850028991699,1.0,0.0,1.0,0.0
0.11310942908532312,0.7055850028991699,1.0,0.0,1.0,0.0
0.11310942908532312,0.7055850028991699,1.0,0.0,1.0,0.0
0.11310942908532312,0.7055850028991699,1.0,0.0,1.0,0.0
0.10994164702976762,0.7019045352935791,1.0,0.0,0.0,0.0
0.1068373086034285,0.6980094313621521,1.0,0.0,0.0,0.0
0.10384475874135426,0.6939460635185242,1.0,0.0,0.0,0.0
0.10384475874135426,0.6939460635185242,1.0,0.0,0.0,0.0
0.10384475874135426,0.6939460635185242,1.0,0.0,0.0,0.0
0.10384475874135426,0.6939460635185242,1.0,0.0,0.0,0.0
0.10384475874135426,0.6939460635185242,1.0,0.0,0.0,0.0
0.10384475874135426,0.6939460635185242,1.0,0.0,0.0,0.0
0.10384475874135426,0.6939460635185242,1.0,0.0,0.0,0.0
0.10384475874135426,0.6939460635185242,1.0,0.0,0.0,0.0
0.10384475874135426,0.6939460635185242,1.0,0.0,0.0,0.0
0.10384475874135426,0.6939460635185242,1.0,0.0,0.0,0.0
0.10384475874135426,0.6939460635185242,1.0,0.0,0.0,0.0
0.10384475874135426,0.6939460635185242,1.0,0.0,0.0,0.0
0.10384475874135426,0.6939460635185242,1.0,0.0,0.0,0.0
0.09976515950918716,0.6942098140716553,1.0,0.0,0.0,1.0
0.09570251092671252,0.6944948434829712,1.0,0.0,0.0,1.0
0.09168073476005173,0.694801926612854,1.0,0.0,0.0,1.0
0.08760256695202373,0.6951420903205872,1.0,0.0,0.0,1.0
0.08351732289472047,0.6955162286758423,1.0,0.0,0.0,1.0
0.07948920640870906,0.6959227919578552,1.0,0.0,0.0,1.0
0.0754154541802288,0.696378231048584,1.0,0.0,0.0,1.0
0.0711325118488881,0.6969134211540222,1.0,0.0,0.0,1.0
0.07119187955852194,0.6760625243186951,1.0,0.0,0.0,1.0
0.06714255454253985,0.6753714680671692,1.0,0.0,0.0,1.0
0.06286992331728594,0.674545407295227,1.0,0.0,0.0,1.0
0.06429645473546619,0.6515347361564636,1.0,0.0,0.0,1.0
0.06716649248294526,0.6288793087005615,1.0,0.0,0.0,1.0
0.0713012500673202,0.6083380579948425,1.0,0.0,0.0,1.0
0.07649032431442623,0.5902943015098572,1.0,0.0,0.0,1.0
0.08251397544462626,0.5747556686401367,1.0,0.0,0.0,1.0
0.08922446754733711,0.5614203214645386,1.0,0.0,0.0,1.0
0.09654184304931948,0.5499194860458374,1.0,0.0,0.0,1.0
0.10456163535936028,0.5397732853889465,1.0,0.0,0.0,1.0
0.11206473207803537,0.5319375395774841,1.0,0.0,0.0,1.0
0.12038152467908594,0.5246321558952332,1.0,0.0,0.0,1.0
0.11832793244227216,0.519989550113678,1.0,0.0,0.0,1.0
0.11633838228318491,0.5150836706161499,1.0,0.0,0.0,1.0
0.11449845233877354,0.5101121664047241,1.0,0.0,0.0,1.0
0.11276768263746768,0.504964292049408,1.0,0.0,0.0,1.0
0.1111659028515221,0.49968740344047546,1.0,0.0,0.0,1.0
0.1111659028515221,0.49968740344047546,1.0,0.0,0.0,1.0
0.11116589476438007,0.49968740344047546,1.0,0.0,0.0,1.0
0.11116589476438007,0.49968740344047546,1.0,0.0,0.0,1.0
0.1111659028515221,0.49968740344047546,1.0,0.0,0.0,1.0
0.11116589476438007,0.49968740344047546,1.0,0.0,0.0,1.0
0.11116589476438007,0.49968740344047546,1.0,0.0,0.0,1.0
0.11116589476438007,0.49968740344047546,1.0,0.0,0.0,1.0
0.1111659028515221,0.49968740344047546,1.0,0.0,0.0,1.0
0.1111659028515221,0.49968740344047546,1.0,0.0,0.0,1.0
0.1111659028515221,0.49968740344047546,1.0,0.0,0.0,1.0
0.1111659028515221,0.49968740344047546,1.0,0.0,0.0,1.0
0.11116589476438007,0.49968740344047546,1.0,0.0,0.0,1.0
0.11116589476438007,0.49968740344047546,1.0,0.0,0.0,1.0
0.11116589476438007,0.49968740344047546,1.0,0.0,0.0,1.0
0.1111659028515221,0.49968740344047546,1.0,0.0,0.0,1.0
0.1111659028515221,0.49968740344047546,1.0,0.0,0.0,1.0
0.1111659028515221,0.49968740344047546,1.0,0.0,0.0,1.0
0.11116589476438007,0.49968740344047546,1.0,0.0,0.0,1.0
0.10741399461436427,0.49736475944519043,0.0,0.0,0.0,1.0
0.1036976940635595,0.4948822855949402,0.0,0.0,0.0,1.0
0.1000294715721163,0.49223169684410095,0.0,0.0,0.0,1.0
0.09634448443524726,0.48934206366539,0.0,0.0,0.0,1.0
0.09270246428397755,0.4862315356731415,0.0,0.0,0.0,1.0
0.08913954446889208,0.48290783166885376,0.0,0.0,0.0,1.0
0.08558903032967888,0.47927725315093994,0.0,0.0,0.0,1.0
0.08208616563129971,0.4753338694572449,0.0,0.0,0.0,1.0
0.07863943378574283,0.4710434675216675,0.0,0.0,0.0,1.0
0.07528174137392367,0.46640247106552124,0.0,0.0,0.0,1.0
0.07197229685144868,0.46129748225212097,0.0,0.0,0.0,1.0
0.06872406390699011,0.45567020773887634,0.0,0.0,0.0,1.0
0.06559235454845432,0.449539452791214,0.0,0.0,0.0,1.0
0.0625540718982069,0.4427727460861206,0.0,0.0,0.0,1.0
0.05952398556640573,0.4350105822086334,0.0,0.0,0.0,1.0
0.056889036994134515,0.42720404267311096,0.0,0.0,0.0,1.0
0.054292235470813424,0.4182453453540802,0.0,0.0,0.0,1.0
0.051880415190689394,0.40840399265289307,0.0,0.0,0.0,1.0
0.04970320290082251,0.39774295687675476,0.0,0.0,0.0,1.0
0.04774549181990287,0.3860073983669281,0.0,0.0,0.0,1.0
0.046062561607268716,0.37329211831092834,0.0,0.0,0.0,1.0
0.0446387595995232,0.359050452709198,0.0,0.0,0.0,1.0
0.04369626789319614,0.3458058834075928,0.0,0.0,0.0,1.0
0.04303362769320666,0.33100828528404236,0.0,0.0,0.0,1.0
0.04275273294554735,0.31590163707733154,0.0,0.0,0.0,1.0
0.04285608257710513,0.30093321204185486,0.0,0.0,0.0,1.0
0.04337846342931712,0.2852235436439514,0.0,0.0,0.0,1.0
0.04425864774988286,0.2707279324531555,0.0,0.0,0.0,1.0
0.045409383363453,0.25768810510635376,0.0,0.0,0.0,1.0
0.047007774636888496,0.2441813200712204,0.0,0.0,0.0,1.0
0.048756736364188265,0.23261593282222748,0.0,0.0,0.0,1.0
0.05093963795847245,0.22095611691474915,0.0,0.0,0.0,1.0
0.05314955869427505,0.2112034410238266,0.0,0.0,0.0,1.0
0.05567213642805528,0.20181500911712646,0.0,0.0,0.0,1.0
0.056182887970029786,0.2132861316204071,0.0,0.0,0.0,1.0
0.05865102710724278,0.20431794226169586,0.0,0.0,0.0,1.0
0.05921267507757589,0.2151101678609848,0.0,0.0,0.0,1.0
0.06165147001993717,0.20646898448467255,0.0,0.0,0.0,1.0
0.062268753483857804,0.2168339192867279,0.0,0.0,0.0,1.0
0.06466596029833568,0.20854125916957855,0.0,0.0,0.0,1.0
0.06532486828227885,0.2183481901884079,0.0,0.0,0.0,1.0
0.06767018394992858,0.210427924990654,0.0,0.0,0.0,1.0
0.06837485302704202,0.21982735395431519,0.0,0.0,0.0,1.0
0.07069004813420526,0.2121863067150116,0.0,0.0,0.0,1.0
0.07143150157683698,0.22114425897598267,0.0,0.0,0.0,1.0
0.0737898739352923,0.2135547250509262,0.0,0.0,0.0,1.0
0.0737898739352923,0.2135547250509262,0.0,1.0,0.0,1.0
0.0737898739352923,0.2135547250509262,0.0,1.0,0.0,1.0
0.07049319901008086,0.20815542340278625,0.0,1.0,0.0,0.0
0.067348857535696,0.20235809683799744,0.0,1.0,0.0,0.0
0.0642918046287996,0.19597850739955902,0.0,1.0,0.0,0.0
0.06130596305103831,0.1888667196035385,0.0,1.0,0.0,0.0
0.05850420504370887,0.1811896711587906,0.0,1.0,0.0,0.0
0.05565588935971931,0.1720847636461258,0.0,1.0,0.0,0.0
0.05328149637290484,0.16315685212612152,0.0,1.0,0.0,0.0
0.05099154932315568,0.1529509276151657,0.0,1.0,0.0,0.0
0.0489305290463884,0.14183680713176727,0.0,1.0,0.0,0.0
0.04712620274475907,0.12979429960250854,0.0,1.0,0.0,0.0
0.045605185202684674,0.11680587381124496,0.0,1.0,0.0,0.0
0.04440968725798481,0.10305057466030121,0.0,1.0,0.0,0.0
0.043562728960444635,0.08865049481391907,0.0,1.0,0.0,0.0
0.043080213674863886,0.07357131689786911,0.0,1.0,0.0,0.0
0.042992201308163835,0.0581355094909668,0.0,1.0,0.0,0.0
0.043275247235602825,0.043773308396339417,0.0,1.0,0.0,0.0
0.04394043488533139,0.029093829914927483,0.0,1.0,0.0,0.0
0.044964833166126726,0.014987866394221783,0.0,1.0,0.0,0.0
0.04631528075209949,0.0016948976553976536,0.0,1.0,0.0,0.0
0.048080283325613496,0.9884993433952332,0.0,1.0,0.0,0.0
0.0499314058745928,0.9774875044822693,0.0,1.0,0.0,0.0
0.052124477049978274,0.966768741607666,0.0,1.0,0.0,0.0
0.05459949834505782,0.9567130208015442,0.0,1.0,0.0,0.0
0.05459949834505782,0.9567130208015442,0.0,1.0,0.0,0.0
0.05459949834505782,0.9567130208015442,0.0,1.0,0.0,0.0
0.05459949834505782,0.9567130208015442,0.0,1.0,0.0,0.0
0.05459949834505782,0.9567130208015442,0.0,1.0,0.0,0.0
0.05459949834505782,0.9567130208015442,0.0,1.0,0.0,0.0
0.05459949834505782,0.9567130208015442,0.0,1.0,0.0,0.0
0.05459949834505782,0.9567130208015442,0.0,1.0,0.0,0.0
0.05459949834505782,0.9567130208015442,0.0,1.0,0.0,0.0
0.05459949834505782,0.9567130208015442,0.0,1.0,0.0,0.0
0.05459949834505782,0.9567130208015442,0.0,1.0,0.0,0.0
0.05459949834505782,0.9567130208015442,0.0,1.0,0.0,0.0
0.05459949834505782,0.9567130208015442,0.0,1.0,0.0,0.0
0.05459949834505782,0.9567130208015442,0.0,1.0,0.0,0.0
0.05459949834505782,0.9567130208015442,0.0,1.0,0.0,0.0
0.05459949834505782,0.9567130208015442,0.0,1.0,0.0,0.0
0.05459949834505782,0.9567130208015442,0.0,1.0,0.0,0.0
0.05459949834505782,0.9567130208015442,0.0,1.0,0.0,0.0
0.05459949834505782,0.9567130208015442,0.0,1.0,0.0,0.0
0.05459949834505782,0.9567130208015442,0.0,1.0,0.0,0.0
0.05459949834505782,0.9567130208015442,0.0,1.0,0.0,0.0
0.05459949834505782,0.9567130208015442,0.0,1.0,0.0,0.0
0.05459949834505782,0.9567130208015442,0.0,1.0,0.0,0.0
0.05459949834505782,0.9567130208015442,0.0,1.0,0.0,0.0
0.05459949834505782,0.9567130208015442,0.0,1.0,0.0,0.0
0.05425790959647194,0.9447154402732849,0.0,1.0,1.0,0.0
0.05422544376479709,0.932834267616272,0.0,1.0,1.0,0.0
0.05449740626408553,0.9209251999855042,0.0,1.0,1.0,0.0
0.055073271430105375,0.9091545939445496,0.0,1.0,1.0,0.0
0.055928773793199035,0.8978502750396729,0.0,1.0,1.0,0.0
0.05706025392159846,0.8869132399559021,0.0,1.0,1.0,0.0
0.058463316453610976,0.8763589859008789,0.0,1.0,1.0,0.0
0.06021239948804118,0.8657833337783813,0.0,1.0,1.0,0.0
0.061042738708712053,0.8471637964248657,0.0,0.0,1.0,0.0
0.06276660199072526,0.8285423517227173,0.0,0.0,1.0,0.0
0.06532726611989041,0.8109703660011292,0.0,0.0,1.0,0.0
0.06861749154933383,0.7949110269546509,0.0,0.0,1.0,0.0
0.06918254016289008,0.7856298685073853,0.0,0.0,1.0,0.0
0.06998698435478455,0.7764463424682617,0.0,0.0,1.0,0.0
0.07100487248624665,0.7676074504852295,0.0,0.0,1.0,0.0
0.07224785812893995,0.7589641809463501,0.0,0.0,1.0,0.0
0.07372076121951368,0.7505084276199341,0.0,0.0,1.0,0.0
0.0753242635667114,0.7427159547805786,0.0,0.0,1.0,0.0
0.07714198621911153,0.7351034283638,0.0,0.0,1.0,0.0
0.07911602523978745,0.7278977036476135,0.0,0.0,1.0,0.0
0.08125501769642594,0.7210230231285095,0.0,0.0,1.0,0.0
0.08353051302336953,0.7145319581031799,0.0,0.0,1.0,0.0
0.08595553151928466,0.7083509564399719,0.0,0.0,1.0,0.0
0.08846464011801583,0.7026008367538452,0.0,0.0,1.0,0.0
0.08894977968118495,0.7099447250366211,0.0,0.0,1.0,0.0
0.09156944759859263,0.7040297389030457,0.0,0.0,1.0,0.0
0.0920503171507705,0.7106766700744629,0.0,0.0,1.0,0.0
0.09453666044469045,0.7051785588264465,0.0,0.0,1.0,0.0
0.09713694348265496,0.6999547481536865,0.0,0.0,1.0,0.0
0.09753625420747182,0.7065325379371643,0.0,0.0,1.0,0.0
0.10009410401121091,0.7014567255973816,0.0,0.0,1.0,0.0
0.10053287190198656,0.7078837752342224,0.0,0.0,1.0,0.0
0.10309643931514006,0.7028583288192749,0.0,0.0,1.0,0.0
0.1035629218416486,0.7090297937393188,0.0,0.0,1.0,0.0
0.1035629218416486,0.7090297937393188,0.0,0.0,1.0,0.0
0.10356290566736455,0.7090297937393188,0.0,0.0,1.0,0.0
0.10356289758022251,0.7090297937393188,0.0,0.0,1.0,0.0
0.10356289758022251,0.7090297937393188,0.0,0.0,1.0,0.0
0.10356288140593846,0.7090297937393188,0.0,0.0,1.0,0.0
0.10309460353389951,0.7028297185897827,1.0,0.0,1.0,0.0
0.10309460353389951,0.7028297185897827,1.0,0.0,1.0,0.0
0.09988404858415338,0.6985680460929871,1.0,0.0,0.0,0.0
0.09694666920500002,0.6943240761756897,1.0,0.0,0.0,0.0
0.09694666920500002,0.6943240761756897,1.0,0.0,0.0,0.0
0.09694666920500002,0.6943240761756897,1.0,0.0,0.0,0.0
0.09694666920500002,0.6943240761756897,1.0,0.0,0.0,0.0
0.09694666920500002,0.6943240761756897,1.0,0.0,0.0,0.0
0.09694666920500002,0.6943240761756897,1.0,0.0,0.0,0.0
0.09694666920500002,0.6943240761756897,1.0,0.0,0.0,0.0
0.09694666920500002,0.6943240761756897,1.0,0.0,0.0,0.0
0.09694666920500002,0.6943240761756897,1.0,0.0,0.0,0.0
0.09694666920500002,0.6943240761756897,1.0,0.0,0.0,0.0
0.09694666920500002,0.6943240761756897,1.0,0.0,0.0,0.0
0.09694666920500002,0.6943240761756897,1.0,0.0,0.0,0.0
0.09694666920500002,0.6943240761756897,1.0,0.0,0.0,0.0
0.09694666920500002,0.6943240761756897,1.0,0.0,0.0,0.0
0.09694666920500002,0.6943240761756897,1.0,0.0,0.0,0.0
0.09694666920500002,0.6943240761756897,1.0,0.0,0.0,0.0
0.09694666920500002,0.6943240761756897,1.0,0.0,0.0,0.0
0.09694666920500002,0.6943240761756897,1.0,0.0,0.0,0.0
0.09694666920500002,0.6943240761756897,1.0,0.0,0.0,0.0
0.09694666920500002,0.6943240761756897,1.0,0.0,0.0,0.0
0.09694666920500002,0.6943240761756897,1.0,0.0,0.0,0.0
0.09694666920500002,0.6943240761756897,1.0,0.0,0.0,0.0
0.09694666920500002,0.6943240761756897,1.0,0.0,0.0,0.0
0.09694666920500002,0.6943240761756897,1.0,0.0,0.0,0.0
0.09694666920500002,0.6943240761756897,1.0,0.0,0.0,0.0
0.09694666920500002,0.6943240761756897,1.0,0.0,0.0,0.0
0.09694666920500002,0.6943240761756897,1.0,0.0,0.0,0.0
0.09694666920500002,0.6943240761756897,1.0,0.0,0.0,0.0
0.09694666920500002,0.6943240761756897,1.0,0.0,0.0,0.0
0.09694666920500002,0.6943240761756897,1.0,0.0,0.0,0.0
0.09694666920500002,0.6943240761756897,1.0,0.0,0.0,0.0
0.09694666920500002,0.6943240761756897,1.0,0.0,0.0,0.0
0.09694666920500002,0.6943240761756897,1.0,0.0,0.0,0.0
0.0928846433324616,0.6946226954460144,1.0,0.0,0.0,1.0
0.08883097956478103,0.6949479579925537,1.0,0.0,0.0,1.0
0.08477798702988885,0.6953043341636658,1.0,0.0,0.0,1.0
0.08069502354663774,0.6956995129585266,1.0,0.0,0.0,1.0
0.07664653554985563,0.6961330771446228,1.0,0.0,0.0,1.0
0.07259545158048226,0.6966152787208557,1.0,0.0,0.0,1.0
0.06852346234896431,0.6971576809883118,1.0,0.0,0.0,1.0
0.06864790729050435,0.6738976240158081,1.0,0.0,0.0,1.0
0.06466015777392999,0.6730563640594482,1.0,0.0,0.0,1.0
0.06062961918888093,0.6720933318138123,1.0,0.0,0.0,1.0
0.0623337134522046,0.6471970677375793,1.0,0.0,0.0,1.0
0.06552147883571341,0.623816192150116,1.0,0.0,0.0,1.0
0.06989432996855993,0.6033302545547485,1.0,0.0,0.0,1.0
0.07552429902479518,0.5848251581192017,1.0,0.0,0.0,1.0
0.0815686855871572,0.5700436234474182,1.0,0.0,0.0,1.0
0.08852693537306412,0.5568720698356628,1.0,0.0,0.0,1.0
0.09596755891956628,0.5457297563552856,1.0,0.0,0.0,1.0
0.10380243063997523,0.5362380743026733,1.0,0.0,0.0,1.0
0.1119086178883103,0.5281444787979126,1.0,0.0,0.0,1.0
0.1202441079617316,0.5211754441261292,1.0,0.0,0.0,1.0
0.11824401216943871,0.516412079334259,1.0,0.0,0.0,1.0
0.11824399599515466,0.516412079334259,1.0,0.0,0.0,0.0
0.11824399599515466,0.516412079334259,1.0,0.0,0.0,0.0
0.11824401216943871,0.516412079334259,1.0,0.0,0.0,0.0
0.11824402834372277,0.516412079334259,1.0,0.0,0.0,0.0
0.11824402834372277,0.516412079334259,1.0,0.0,0.0,0.0
0.11824404451800682,0.516412079334259,1.0,0.0,0.0,0.0
0.11824404451800682,0.516412079334259,1.0,0.0,0.0,0.0
0.11824404451800682,0.516412079334259,1.0,0.0,0.0,0.0
0.11824406069229089,0.516412079334259,1.0,0.0,0.0,0.0
0.112105547883855,0.5097860097885132,0.0,0.0,0.0,1.0
0.10666902326495001,0.5024638772010803,0.0,0.0,0.0,1.0
0.10143055275433173,0.4942875802516937,0.0,0.0,0.0,1.0
0.09772070574286598,0.4915156364440918,0.0,0.0,0.0,1.0
0.09405049381448367,0.4885324239730835,0.0,0.0,0.0,1.0
0.09045397192426831,0.48534342646598816,0.0,0.0,0.0,1.0
0.08688437212986701,0.48187920451164246,0.0,0.0,0.0,1.0
0.08333241847937267,0.4780898690223694,0.0,0.0,0.0,1.0
0.0798651695544886,0.4740069508552551,0.0,0.0,0.0,1.0
0.07644979964571963,0.46954917907714844,0.0,0.0,0.0,1.0
0.07308214387492092,0.4646513760089874,0.0,0.0,0.0,1.0
0.06981579573231769,0.4593299329280853,0.0,0.0,0.0,1.0
0.06645530921292757,0.4531414806842804,0.0,0.0,0.0,1.0
0.06346861848525324,0.4468940794467926,0.0,0.0,0.0,1.0
0.06052513331386809,0.43987807631492615,0.0,0.0,0.0,1.0
0.05768198127006396,0.4320755898952484,0.0,0.0,0.0,1.0
0.054987070583219784,0.42347174882888794,0.0,0.0,0.0,1.0
0.052461775569717845,0.41398200392723083,0.0,0.0,0.0,1.0
0.05014406131781261,0.4035872220993042,0.0,0.0,0.0,1.0
0.04806059517834424,0.3922407031059265,0.0,0.0,0.0,1.0
0.046241291489677476,0.3799246847629547,0.0,0.0,0.0,1.0
0.04472716014904064,0.36675411462783813,0.0,0.0,0.0,1.0
0.04353622335244506,0.352719783782959,0.0,0.0,0.0,1.0
0.042700081607368476,0.337993323802948,0.0,0.0,0.0,1.0
0.04224332791272065,0.3228834867477417,0.0,0.0,0.0,1.0
0.04217312747633916,0.3076373040676117,0.0,0.0,0.0,1.0
0.04249674659533692,0.2922564148902893,0.0,0.0,0.0,1.0
0.043197020310757686,0.2774450182914734,0.0,0.0,0.0,1.0
0.04426965435018414,0.26309096813201904,0.0,0.0,0.0,1.0
0.04567952625578494,0.24955593049526215,0.0,0.0,0.0,1.0
0.047397429314122885,0.23692511022090912,0.0,0.0,0.0,1.0
0.04938794184311157,0.22526726126670837,0.0,0.0,0.0,1.0
0.05161383064085015,0.2146015614271164,0.0,0.0,0.0,1.0
0.0540540165716404,0.2048494517803192,0.0,0.0,0.0,1.0
0.05668519653572616,0.19595125317573547,0.0,0.0,0.0,1.0
0.057049344367001535,0.20737026631832123,0.0,0.0,0.0,1.0
0.05961655503763904,0.19883963465690613,0.0,0.0,0.0,1.0
0.060047830191324945,0.20968729257583618,0.0,0.0,0.0,1.0
0.06259567215680334,0.20137836039066315,0.0,0.0,0.0,1.0
0.2042791696891395,0.2516527473926544,0.0,1.0,0.0,0.0
0.20071623369976999,0.2505151331424713,0.0,1.0,0.0,0.0
0.196756057293943,0.24919812381267548,0.0,1.0,0.0,0.0
0.19320950585432392,0.24796876311302185,0.0,1.0,0.0,0.0
0.18936491088237337,0.246579110622406,0.0,1.0,0.0,0.0
0.185775950469955,0.24522484838962555,0.0,1.0,0.0,0.0
0.18205188626280253,0.24375730752944946,0.0,1.0,0.0,0.0
0.17838336454710424,0.24224527180194855,0.0,1.0,0.0,0.0
0.17471605590271028,0.24066302180290222,0.0,1.0,0.0,0.0
0.17106846371058268,0.23901383578777313,0.0,1.0,0.0,0.0
0.1673551068794764,0.23725172877311707,0.0,1.0,0.0,0.0
0.16380451186884293,0.23548215627670288,0.0,1.0,0.0,0.0
0.16021875396466798,0.23360417783260345,0.0,1.0,0.0,0.0
0.1566551063067999,0.2316398173570633,0.0,1.0,0.0,0.0
0.15312613631395158,0.2295900136232376,0.0,1.0,0.0,0.0
0.05643749141895328,0.25721898674964905,0.0,0.0,1.0,0.0
0.047281779139539216,0.24590684473514557,0.0,0.0,1.0,0.0
0.03854405079588663,0.22945614159107208,0.0,0.0,1.0,0.0
0.211999576001272,0.25,0.0,0.0,1.0,0.0
0.2030613269710139,0.2529129981994629,0.0,0.0,1.0,0.0
0.1941542943089872,0.2561093270778656,0.0,0.0,1.0,0.0
0.1851828071249905,0.2596743106842041,0.0,0.0,1.0,0.0
0.17651775792675126,0.2635047435760498,0.0,0.0,1.0,0.0
0.16784991057737,0.2677883803844452,0.0,0.0,1.0,0.0
0.15910392526170597,0.27266067266464233,0.0,0.0,1.0,0.0
0.1508998755076797,0.27784061431884766,0.0,0.0,1.0,0.0
0.14263577063694713,0.283792644739151,0.0,0.0,1.0,0.0
0.13703324125361577,0.29443517327308655,1.0,0.0,1.0,0.0
0.1323686909513594,0.30521872639656067,1.0,0.0,1.0,0.0
0.12508476386880837,0.3085828721523285,1.0,0.0,1.0,0.0
0.11787735732413439,0.3123534619808197,1.0,0.0,1.0,0.0
0.11147996701221277,0.31614574790000916,1.0,0.0,1.0,0.0
0.10462731103977663,0.3207763731479645,1.0,0.0,1.0,0.0
0.09776250818001316,0.3261461853981018,1.0,0.0,1.0,0.0
0.09125915204608741,0.3320872485637665,1.0,0.0,1.0,0.0
0.08480930853096662,0.3390379250049591,1.0,0.0,1.0,0.0
0.0785335730965851,0.34713420271873474,1.0,0.0,1.0,0.0
0.07250536890542282,0.35659074783325195,1.0,0.0,1.0,0.0
0.06679216293985556,0.3676852881908417,1.0,0.0,1.0,0.0
0.061434031032207286,0.38085758686065674,1.0,0.0,1.0,0.0
0.05656526421943821,0.3964505195617676,1.0,0.0,1.0,0.0
0.05240289308860574,0.41442933678627014,1.0,0.0,1.0,0.0
0.048965970946329866,0.43558093905448914,1.0,0.0,1.0,0.0
0.046518478282716554,0.45935046672821045,1.0,0.0,1.0,0.0
0.04520821570548518,0.48506924510002136,1.0,0.0,1.0,0.0
0.04512726745734733,0.5115042924880981,1.0,0.0,1.0,0.0
0.05455389899472811,0.5205501317977905,1.0,0.0,1.0,0.0
0.0640473748045484,0.5268840193748474,1.0,0.0,1.0,0.0
0.07067246668743453,0.5372254848480225,0.0,0.0,1.0,0.0
0.07686236519632177,0.5449966788291931,0.0,0.0,1.0,0.0
0.07959635295344938,0.5516489744186401,0.0,1.0,1.0,0.0
0.0821766284020345,0.5572662949562073,0.0,1.0,1.0,0.0
0.0850021949554969,0.5628145337104797,0.0,1.0,1.0,0.0
0.08793575720361264,0.5680192112922668,0.0,1.0,1.0,0.0
0.09094606642958224,0.572865903377533,0.0,1.0,1.0,0.0
0.0940460701477939,0.5774132013320923,0.0,1.0,1.0,0.0
0.09723082711446797,0.5816836953163147,0.0,1.0,1.0,0.0
0.1004523401416632,0.5856466889381409,0.0,1.0,1.0,0.0
0.10377297726870613,0.5894054770469666,0.0,1.0,1.0,0.0
0.10708065879421884,0.5928618311882019,0.0,1.0,1.0,0.0
0.11048100279309819,0.5961518287658691,0.0,1.0,1.0,0.0
0.11389452074634254,0.5992170572280884,0.0,1.0,1.0,0.0
0.11738768896142912,0.6021350622177124,0.0,1.0,1.0,0.0
0.12095465234752902,0.6049110889434814,0.0,1.0,1.0,0.0
0.1244704969088645,0.607466995716095,0.0,1.0,1.0,0.0
0.12806857961749143,0.6099161505699158,0.0,1.0,1.0,0.0
0.13161509870854238,0.6121812462806702,0.0,1.0,1.0,0.0
0.13527061629985826,0.6143758893013,0.0,1.0,1.0,0.0
0.1389413377181884,0.6164496541023254,0.0,1.0,1.0,0.0
0.13500855246241314,0.6268531084060669,0.0,1.0,1.0,0.0
0.13168184997884858,0.6378447413444519,0.0,1.0,1.0,0.0
0.12899950671071725,0.6494202613830566,0.0,1.0,1.0,0.0
0.1270299722281514,0.6613925695419312,0.0,1.0,1.0,0.0
0.12579706316442604,0.6737033128738403,0.0,1.0,1.0,0.0
0.12532656132832917,0.6866351366043091,0.0,1.0,1.0,0.0
0.12562582601910702,0.6985219120979309,0.0,1.0,1.0,0.0
0.12343542360059108,0.7077500820159912,0.0,1.0,1.0,0.0
0.12168780029529708,0.7171925902366638,0.0,1.0,1.0,0.0
0.11941007291715354,0.7217369079589844,0.0,1.0,1.0,0.0
0.11306149659451808,0.7280425429344177,0.0,1.0,0.0,0.0
0.10720907452249506,0.73471999168396,0.0,1.0,0.0,0.0
0.1014484495996416,0.7423222064971924,0.0,1.0,0.0,0.0
0.09786177784841738,0.7444199323654175,0.0,1.0,0.0,0.0
0.0940469112105649,0.7468394637107849,0.0,1.0,0.0,0.0
0.09029801947738383,0.749432384967804,0.0,1.0,0.0,0.0
0.08651484634914244,0.7522968053817749,0.0,1.0,0.0,0.0
0.08280974649004764,0.7553805708885193,0.0,1.0,0.0,0.0
0.07893062750877589,0.758953332901001,0.0,1.0,0.0,0.0
0.075471279721654,0.7624870538711548,0.0,1.0,0.0,0.0
0.07187986081805885,0.7665650248527527,0.0,1.0,0.0,0.0
0.06827861603689862,0.7711523175239563,0.0,1.0,0.0,0.0
0.0648318114070635,0.7761057615280151,0.0,1.0,0.0,0.0
0.061433266797285564,0.7816469073295593,0.0,1.0,0.0,0.0
0.05805372292770443,0.7879567742347717,0.0,1.0,0.0,0.0
0.05485996497195224,0.7948401570320129,0.0,1.0,0.0,0.0
0.05485996497195224,0.7948401570320129,0.0,1.0,0.0,0.0
0.054859960928381225,0.7948401570320129,0.0,1.0,0.0,0.0
0.054859960928381225,0.7948401570320129,0.0,1.0,0.0,0.0
0.054859960928381225,0.7948401570320129,0.0,1.0,0.0,0.0
0.054859960928381225,0.7948401570320129,0.0,1.0,0.0,0.0
0.054859960928381225,0.7948401570320129,0.0,1.0,0.0,0.0
0.054859960928381225,0.7948401570320129,0.0,1.0,0.0,0.0
0.054859960928381225,0.7948401570320129,0.0,1.0,0.0,0.0
0.054859960928381225,0.7948401570320129,0.0,1.0,0.0,0.0
0.054859960928381225,0.7948401570320129,0.0,1.0,0.0,0.0
0.054859960928381225,0.7948401570320129,0.0,1.0,0.0,0.0
0.054859960928381225,0.7948401570320129,0.0,1.0,0.0,0.0
0.054859960928381225,0.7948401570320129,0.0,1.0,0.0,0.0
0.054859960928381225,0.7948401570320129,0.0,1.0,0.0,0.0
0.054859960928381225,0.7948401570320129,0.0,1.0,0.0,0.0
0.054859960928381225,0.7948401570320129,0.0,1.0,0.0,0.0
0.054859960928381225,0.7948401570320129,0.0,1.0,0.0,0.0
0.054859960928381225,0.7948401570320129,0.0,1.0,0.0,0.0
0.054859960928381225,0.7948401570320129,0.0,1.0,0.0,0.0
0.054859960928381225,0.7948401570320129,0.0,1.0,0.0,0.0
0.054859960928381225,0.7948401570320129,0.0,1.0,0.0,0.0
0.054859960928381225,0.7948401570320129,0.0,1.0,0.0,0.0
0.054859960928381225,0.7948401570320129,0.0,1.0,0.0,0.0
0.054859960928381225,0.7948401570320129,0.0,1.0,0.0,0.0
0.054859960928381225,0.7948401570320129,0.0,1.0,0.0,0.0
0.054859960928381225,0.7948401570320129,0.0,1.0,0.0,0.0
0.054859960928381225,0.7948401570320129,0.0,1.0,0.0,0.0
0.054859960928381225,0.7948401570320129,0.0,1.0,0.0,0.0
0.054859960928381225,0.7948401570320129,0.0,1.0,0.0,0.0
0.054859960928381225,0.7948401570320129,0.0,1.0,0.0,0.0
0.054859960928381225,0.7948401570320129,0.0,1.0,0.0,0.0
0.054859960928381225,0.7948401570320129,0.0,1.0,0.0,0.0
0.054859960928381225,0.7948401570320129,0.0,1.0,0.0,0.0
0.054859960928381225,0.7948401570320129,0.0,1.0,0.0,0.0
0.054859960928381225,0.7948401570320129,0.0,1.0,0.0,0.0
0.054859960928381225,0.7948401570320129,0.0,1.0,0.0,0.0
0.054859960928381225,0.7948401570320129,0.0,1.0,0.0,0.0
0.05485994879766818,0.7948400974273682,0.0,1.0,0.0,0.0
0.05485994879766818,0.7948400974273682,0.0,1.0,0.0,0.0
0.05485994879766818,0.7948400974273682,0.0,1.0,0.0,0.0
0.05485994879766818,0.7948400974273682,0.0,1.0,0.0,0.0
0.05485994879766818,0.7948400974273682,0.0,1.0,0.0,0.0
0.05485994879766818,0.7948400974273682,0.0,1.0,0.0,0.0
0.05485994879766818,0.7948400974273682,0.0,1.0,0.0,0.0
0.05485994879766818,0.7948400974273682,0.0,1.0,0.0,0.0
0.05485994879766818,0.7948400974273682,0.0,1.0,0.0,0.0
0.05485994879766818,0.7948400974273682,0.0,1.0,0.0,0.0
0.05485994879766818,0.7948400974273682,0.0,1.0,0.0,0.0
0.05485994879766818,0.7948400974273682,0.0,1.0,0.0,0.0
0.13402491337744324,0.5500369668006897,1.0,0.0,0.0,0.0
0.13402494572601137,0.5500369668006897,1.0,0.0,0.0,0.0
0.13402494572601137,0.5500369668006897,1.0,0.0,0.0,0.0
0.13402497807457947,0.5500369668006897,1.0,0.0,0.0,0.0
0.13402494572601137,0.5500369668006897,1.0,0.0,0.0,0.0
0.13402491337744324,0.5500369668006897,1.0,0.0,0.0,0.0
0.13402494572601137,0.5500369668006897,1.0,0.0,0.0,0.0
0.13402491337744324,0.5500369668006897,1.0,0.0,0.0,0.0
0.13402491337744324,0.5500369668006897,1.0,0.0,0.0,0.0
0.13402488911601718,0.5500370264053345,1.0,0.0,0.0,0.0
0.13402488911601718,0.5500370264053345,1.0,0.0,0.0,0.0
0.13402488911601718,0.5500370264053345,1.0,0.0,0.0,0.0
0.13118640739673468,0.5459449291229248,1.0,0.0,0.0,1.0
0.1288933953201566,0.5424047112464905,1.0,0.0,0.0,1.0
0.12630092446139196,0.5381125807762146,1.0,0.0,0.0,1.0
0.12407958872461564,0.5341548323631287,1.0,0.0,0.0,1.0
0.1218097139613821,0.5298007726669312,1.0,0.0,0.0,1.0
0.11962955795181672,0.5252742767333984,1.0,0.0,0.0,1.0
0.11754850986781497,0.5205808877944946,1.0,0.0,0.0,1.0
0.11545943125177857,0.515428900718689,1.0,0.0,0.0,1.0
0.11370951119814839,0.510700523853302,1.0,0.0,0.0,1.0
0.11193352628575919,0.5054253935813904,1.0,0.0,0.0,1.0
0.11034142680882214,0.5001847743988037,1.0,0.0,0.0,1.0
0.10513667159332217,0.49211663007736206,0.0,0.0,0.0,1.0
0.1015068872879421,0.4894108176231384,0.0,0.0,0.0,1.0
0.09785003531819148,0.4864558279514313,0.0,0.0,0.0,1.0
0.09426493247252085,0.4833051562309265,0.0,0.0,0.0,1.0
0.0907037837415397,0.4798908531665802,0.0,0.0,0.0,1.0
0.08721465101032554,0.47622889280319214,0.0,0.0,0.0,1.0
0.0837392017234242,0.4722200632095337,0.0,0.0,0.0,1.0
0.08032072635211614,0.46786612272262573,0.0,0.0,0.0,1.0
0.07701813163893959,0.46320420503616333,0.0,0.0,0.0,1.0
0.0737578165042899,0.45808008313179016,0.0,0.0,0.0,1.0
0.07055088459417269,0.4524323046207428,0.0,0.0,0.0,1.0
0.0674648271523898,0.44630512595176697,0.0,0.0,0.0,1.0
0.06451690618360183,0.43967053294181824,0.0,0.0,0.0,1.0
0.061661809431021064,0.4323323965072632,0.0,0.0,0.0,1.0
0.058927845935319544,0.4242289960384369,0.0,0.0,0.0,1.0
0.056418692857307204,0.4155774712562561,0.0,0.0,0.0,1.0
0.05405060379770422,0.4059712588787079,0.0,0.0,0.0,1.0
0.051908384571396196,0.3955879211425781,0.0,0.0,0.0,1.0
0.05001207511633065,0.38440653681755066,0.0,0.0,0.0,1.0
0.0483701184087857,0.3723160922527313,0.0,0.0,0.0,1.0
0.04702759217843021,0.3594758212566376,0.0,0.0,0.0,1.0
0.04601357778799993,0.34606772661209106,0.0,0.0,0.0,1.0
0.04533565288957591,0.3320537209510803,0.0,0.0,0.0,1.0
0.04501431030105927,0.31729015707969666,0.0,0.0,0.0,1.0
0.04507603136902351,0.3028913140296936,0.0,0.0,0.0,1.0
0.04548482426786919,0.28909531235694885,0.0,0.0,0.0,1.0
0.04625277927492946,0.27528202533721924,0.0,0.0,0.0,1.0
0.09920912805899308,0.508516252040863,0.0,0.0,1.0,0.0
0.10482987777331544,0.5160257816314697,0.0,0.0,1.0,0.0
0.11073265847875216,0.5228358507156372,0.0,0.0,1.0,0.0
0.1168254223247308,0.5289542078971863,0.0,0.0,1.0,0.0
0.11273535833077834,0.5376833081245422,0.0,0.0,1.0,0.0
0.1192157955041943,0.5429195165634155,0.0,0.0,1.0,0.0
0.12580571640639693,0.5476071834564209,0.0,0.0,1.0,0.0
0.1325347927614901,0.551849365234375,0.0,0.0,1.0,0.0
0.1293827401971807,0.560120701789856,0.0,0.0,1.0,0.0
0.13633252274538343,0.5636081099510193,0.0,0.0,1.0,0.0
0.14338350778893524,0.5667737126350403,0.0,0.0,1.0,0.0
0.1408901286814502,0.5746360421180725,0.0,0.0,1.0,0.0
0.14493722568980333,0.5742965340614319,0.0,0.0,1.0,0.0
0.14899279802300272,0.5739748477935791,0.0,0.0,1.0,0.0
0.1463698143773632,0.577311635017395,0.0,0.0,1.0,0.0
0.15048033075350664,0.5769059062004089,0.0,0.0,1.0,0.0
0.14791440998202274,0.580260694026947,0.0,0.0,1.0,0.0
0.14542405546565648,0.5837214589118958,0.0,0.0,1.0,0.0
0.15307523584202196,0.5858285427093506,0.0,0.0,1.0,0.0
0.15150909609099755,0.5930279493331909,0.0,0.0,1.0,0.0
0.1501867836721432,0.6008582711219788,0.0,0.0,1.0,0.0
0.14923846922355535,0.6087605357170105,0.0,0.0,1.0,0.0
0.14865627586889793,0.6168678998947144,0.0,0.0,1.0,0.0
0.14846229768019376,0.6248824000358582,0.0,0.0,1.0,0.0
0.1486466845184517,0.6329286098480225,0.0,0.0,1.0,0.0
0.14920671910395006,0.6409054398536682,0.0,0.0,1.0,0.0
0.1501427087480859,0.648834228515625,0.0,0.0,1.0,0.0
0.15144892775430285,0.6566600203514099,0.0,0.0,1.0,0.0
0.15310365405911136,0.6642889380455017,0.0,0.0,1.0,0.0
0.1551207490239489,0.6718009114265442,0.0,0.0,1.0,0.0
0.15746513062669432,0.6790785193443298,0.0,0.0,1.0,0.0
0.15730227176051717,0.683196485042572,0.0,0.0,1.0,0.0
0.15724482070354417,0.6873546838760376,0.0,0.0,1.0,0.0
0.15729216283298111,0.6914071440696716,0.0,0.0,1.0,0.0
0.15744513921159897,0.695530354976654,0.0,0.0,1.0,0.0
0.15770379836224993,0.6996460556983948,0.0,0.0,1.0,0.0
0.15807541871275999,0.7038230299949646,0.0,0.0,1.0,0.0
0.1585282501435238,0.7077659368515015,0.0,0.0,1.0,0.0
0.1590961130825061,0.7118034958839417,0.0,0.0,1.0,0.0
0.15976124816581147,0.7157857418060303,0.0,0.0,1.0,0.0
0.16057916553632604,0.7199903130531311,0.0,0.0,1.0,0.0
0.161413176319478,0.7237484455108643,0.0,0.0,1.0,0.0
0.1623644506620484,0.727573573589325,0.0,0.0,1.0,0.0
0.16343703213505167,0.7314505577087402,0.0,0.0,1.0,0.0
0.1645884955914044,0.7352222204208374,0.0,0.0,1.0,0.0
0.1658772140222709,0.7390714883804321,0.0,0.0,1.0,0.0
0.16717039655553734,0.7426195740699768,0.0,0.0,1.0,0.0
0.1685939923411611,0.74623042345047,0.0,0.0,1.0,0.0
0.1702012147736921,0.7500014305114746,0.0,0.0,1.0,0.0
0.17020119859940805,0.7500014305114746,0.0,0.0,1.0,0.0
0.17020119859940805,0.7500014305114746,0.0,0.0,1.0,0.0
0.170201182425124,0.7500014305114746,0.0,0.0,1.0,0.0
0.170201182425124,0.7500014305114746,0.0,0.0,1.0,0.0
0.17020119859940805,0.7500014305114746,0.0,0.0,1.0,0.0
0.17020119859940805,0.7500014305114746,0.0,0.0,1.0,0.0
0.16866781177360052,0.7535927891731262,0.0,1.0,1.0,0.0
0.1672552791982722,0.7571602463722229,0.0,1.0,1.0,0.0
0.1619210650131743,0.763016939163208,0.0,1.0,0.0,0.0
0.1575106935848849,0.7683765888214111,0.0,1.0,0.0,0.0
0.1529592500510441,0.7745054364204407,0.0,1.0,0.0,0.0
0.14853205736733469,0.7811859250068665,0.0,1.0,0.0,0.0
0.14525767060555478,0.7835932970046997,0.0,1.0,0.0,0.0
0.1419303292377699,0.7861813306808472,0.0,1.0,0.0,0.0
0.13864056073185113,0.7888941168785095,0.0,1.0,0.0,0.0
0.13542296188139788,0.7917110919952393,0.0,1.0,0.0,0.0
0.13219778537886356,0.7947142124176025,0.0,1.0,0.0,0.0
0.1290121388265663,0.7978762984275818,0.0,1.0,0.0,0.0
0.12596272018174515,0.8011065721511841,0.0,1.0,0.0,0.0
0.12288529576407807,0.8045923709869385,0.0,1.0,0.0,0.0
0.11991310932563251,0.8082007765769958,0.0,1.0,0.0,0.0
0.11698625940540071,0.8120167851448059,0.0,1.0,0.0,0.0
0.1141528402370283,0.8159931898117065,0.0,1.0,0.0,0.0
0.1113723028903826,0.8202036619186401,0.0,1.0,0.0,0.0
0.1113723028903826,0.8202036619186401,0.0,1.0,0.0,0.0
0.1113723028903826,0.8202036619186401,0.0,1.0,0.0,0.0
0.1113723028903826,0.8202036619186401,0.0,1.0,0.0,0.0
0.1113723028903826,0.8202036619186401,0.0,1.0,0.0,0.0
0.1113723028903826,0.8202036619186401,0.0,1.0,0.0,0.0
0.1113723028903826,0.8202036619186401,0.0,1.0,0.0,0.0
0.11137229480324057,0.8202036619186401,0.0,1.0,0.0,0.0
0.11137229480324057,0.8202036619186401,0.0,1.0,0.0,0.0
0.11137229480324057,0.8202036619186401,0.0,1.0,0.0,0.0
0.11137229480324057,0.8202036619186401,0.0,1.0,0.0,0.0
0.11137229480324057,0.8202036619186401,0.0,1.0,0.0,0.0
0.11137229480324057,0.8202036619186401,0.0,1.0,0.0,0.0
0.11137228671609853,0.8202035427093506,0.0,1.0,0.0,0.0
0.11137228671609853,0.8202035427093506,0.0,1.0,0.0,0.0
0.11137228671609853,0.8202035427093506,0.0,1.0,0.0,0.0
0.11137228671609853,0.8202035427093506,0.0,1.0,0.0,0.0
0.11137228671609853,0.8202035427093506,0.0,1.0,0.0,0.0
0.11137228671609853,0.8202035427093506,0.0,1.0,0.0,0.0
0.11137228671609853,0.8202035427093506,0.0,1.0,0.0,0.0
0.11137228671609853,0.8202035427093506,0.0,1.0,0.0,0.0
0.11137228671609853,0.8202035427093506,0.0,1.0,0.0,0.0
0.11137228671609853,0.8202035427093506,0.0,1.0,0.0,0.0
0.11137228671609853,0.8202035427093506,0.0,1.0,0.0,0.0
0.11137228671609853,0.8202035427093506,0.0,1.0,0.0,0.0
0.11137228671609853,0.8202035427093506,0.0,1.0,0.0,0.0
0.11137228671609853,0.8202035427093506,0.0,1.0,0.0,0.0
0.11137228671609853,0.8202035427093506,0.0,1.0,0.0,0.0
0.11137228671609853,0.8202035427093506,0.0,1.0,0.0,0.0
0.11137228671609853,0.8202035427093506,0.0,1.0,0.0,0.0
0.11137228671609853,0.8202035427093506,0.0,1.0,0.0,0.0
0.11137227054181448,0.8202034831047058,0.0,1.0,0.0,0.0
0.11137227054181448,0.8202034831047058,0.0,1.0,0.0,0.0
0.11137227054181448,0.8202034831047058,0.0,1.0,0.0,0.0
0.11137227054181448,0.8202034831047058,0.0,1.0,0.0,0.0
0.11137227054181448,0.8202034831047058,0.0,1.0,0.0,0.0
0.11137227054181448,0.8202034831047058,0.0,1.0,0.0,0.0
0.11137227054181448,0.8202034831047058,0.0,1.0,0.0,0.0
0.11137227054181448,0.8202034831047058,0.0,1.0,0.0,0.0
0.11137227054181448,0.8202034831047058,0.0,1.0,0.0,0.0
0.11137227054181448,0.8202034831047058,0.0,1.0,0.0,0.0
0.11137227054181448,0.8202034831047058,0.0,1.0,0.0,0.0
0.11137227054181448,0.8202034831047058,0.0,1.0,0.0,0.0
0.11137227054181448,0.8202034831047058,0.0,1.0,0.0,0.0
0.11137227054181448,0.8202034831047058,0.0,1.0,0.0,0.0
0.11137227054181448,0.8202034831047058,0.0,1.0,0.0,0.0
0.11137227054181448,0.8202034831047058,0.0,1.0,0.0,0.0
0.11137227054181448,0.8202034831047058,0.0,1.0,0.0,0.0
0.11137227054181448,0.8202034831047058,0.0,1.0,0.0,0.0
0.11137227054181448,0.8202034831047058,0.0,1.0,0.0,0.0
0.11137227054181448,0.8202034831047058,0.0,1.0,0.0,0.0
0.11137227054181448,0.8202034831047058,0.0,1.0,0.0,0.0
0.10737737603525761,0.8204903602600098,0.0,1.0,0.0,1.0
0.10334247443708398,0.820802628993988,0.0,1.0,0.0,1.0
0.09927859660902097,0.8211427330970764,0.0,1.0,0.0,1.0
0.09521718535927674,0.8215118646621704,0.0,1.0,0.0,1.0
0.09116763794688887,0.8219126462936401,0.0,1.0,0.0,1.0
0.08708827324184058,0.8223541378974915,0.0,1.0,0.0,1.0
0.08278737745519582,0.8228667378425598,0.0,1.0,0.0,1.0
0.07897031111471149,0.8233686089515686,0.0,1.0,0.0,1.0
0.07489009725975018,0.8239617347717285,0.0,1.0,0.0,1.0
0.07083157311971026,0.8246196508407593,0.0,1.0,0.0,1.0
0.0668053732863597,0.8253515362739563,0.0,1.0,0.0,1.0
0.06277270373938604,0.8261790871620178,0.0,1.0,0.0,1.0
0.05865887163501077,0.8271410465240479,0.0,1.0,0.0,1.0
0.05454458260711087,0.828248918056488,0.0,1.0,0.0,1.0
0.05059862744054163,0.8294816613197327,0.0,1.0,0.0,1.0
0.04656411402518539,0.8309592604637146,0.0,1.0,0.0,1.0
0.04253315895232185,0.8327177166938782,0.0,1.0,0.0,1.0
0.03849503867162074,0.8348519206047058,0.0,1.0,0.0,1.0
0.52999894000318,0.0,0.0,1.0,0.0,1.0
0.5284557515612335,0.0011317759053781629,0.0,1.0,0.0,1.0
0.5269485023784632,0.002263220027089119,0.0,1.0,0.0,1.0
0.525451637086058,0.003413870232179761,0.0,1.0,0.0,1.0
0.5239947222752753,0.004561205394566059,0.0,1.0,0.0,1.0
0.5225577665310198,0.005720913875848055,0.0,1.0,0.0,1.0
0.521103310211414,0.0069250366650521755,0.0,1.0,0.0,1.0
0.5197684141995627,0.008058741688728333,0.0,1.0,0.0,1.0
0.5184198023948305,0.009233733639121056,0.0,1.0,0.0,1.0
0.5170925729936225,0.010421081446111202,0.0,1.0,0.0,1.0
0.5158045177084024,0.011605007573962212,0.0,1.0,0.0,1.0
0.5145499108426137,0.012790246866643429,0.0,1.0,0.0,1.0
0.5145499108426137,0.012790245935320854,0.0,1.0,0.0,0.0
0.5145499108426137,0.012790245935320854,0.0,1.0,0.0,0.0
0.5145499108426137,0.012790245935320854,0.0,1.0,0.0,0.0
0.5145499431911817,0.012790245935320854,0.0,1.0,0.0,0.0
0.5145499755397499,0.012790244072675705,0.0,1.0,0.0,0.0
0.5145499755397499,0.012790244072675705,0.0,1.0,0.0,0.0
0.5145499755397499,0.012790244072675705,0.0,1.0,0.0,0.0
0.5145499755397499,0.012790244072675705,0.0,1.0,0.0,0.0
0.5145499755397499,0.012790244072675705,0.0,1.0,0.0,0.0
0.5145499755397499,0.012790244072675705,0.0,1.0,0.0,0.0
0.5145499755397499,0.012790244072675705,0.0,1.0,0.0,0.0
0.5145499431911817,0.012790245935320854,0.0,1.0,0.0,0.0
0.5145499755397499,0.012790244072675705,0.0,1.0,0.0,0.0
0.5145499755397499,0.012790244072675705,0.0,1.0,0.0,0.0
0.5145499755397499,0.012790244072675705,0.0,1.0,0.0,0.0
0.5145499755397499,0.012790244072675705,0.0,1.0,0.0,0.0
0.5145500402368861,0.012790244072675705,0.0,1.0,0.0,0.0
0.4251225530760566,0.017485585063695908,0.0,0.0,0.0,1.0
0.42044181231545846,0.01971638947725296,0.0,0.0,0.0,1.0
0.4158105648640769,0.022014683112502098,0.0,0.0,0.0,1.0
0.41137874633512694,0.024305788800120354,0.0,0.0,0.0,1.0
0.40699784445239073,0.02666616626083851,0.0,0.0,0.0,1.0
0.40268565092833164,0.029090452939271927,0.0,0.0,0.0,1.0
0.39845898701836974,0.03157254680991173,0.0,0.0,0.0,1.0
0.3943718101341216,0.03408183157444,0.0,0.0,0.0,1.0
0.39034955682608113,0.036666106432676315,0.0,0.0,0.0,1.0
0.38645841226461247,0.03928553685545921,0.0,0.0,0.0,1.0
0.38317183009265304,0.040303368121385574,0.0,0.0,0.0,1.0
0.37993056826462335,0.04132938012480736,0.0,0.0,0.0,1.0
0.3767122415713875,0.0423707589507103,0.0,0.0,0.0,1.0
0.37352665162908444,0.04342455416917801,0.0,0.0,0.0,1.0
0.3703293191565555,0.04450615867972374,0.0,0.0,0.0,1.0
0.36714246762009595,0.045608971267938614,0.0,0.0,0.0,1.0
0.3639797481154505,0.046728815883398056,0.0,0.0,0.0,1.0
0.360852612035732,0.047861918807029724,0.0,0.0,0.0,1.0
0.3577364097720366,0.04901765659451485,0.0,0.0,0.0,1.0
0.35463696406662487,0.05019456520676613,0.0,0.0,0.0,1.0
0.35155395143381585,0.051393475383520126,0.0,0.0,0.0,1.0
0.34849610598700065,0.0526115782558918,0.0,0.0,0.0,1.0
0.3454578961210315,0.053851619362831116,0.0,0.0,0.0,1.0
0.3424438506354446,0.055112410336732864,0.0,0.0,0.0,1.0
0.3394270555215678,0.056406185030937195,0.0,0.0,0.0,1.0
0.33244998695615974,0.05764395743608475,1.0,0.0,0.0,1.0
0.3253831187656632,0.058955755084753036,1.0,0.0,0.0,1.0
0.3181984370900903,0.06035375967621803,1.0,0.0,0.0,1.0
0.3114258438237399,0.06173544377088547,1.0,0.0,0.0,1.0
0.30450069471015706,0.06321724504232407,1.0,0.0,0.0,1.0
0.29758738517250455,0.06477151066064835,1.0,0.0,0.0,1.0
0.29071574059058464,0.06639663130044937,1.0,0.0,0.0,1.0
0.2838827848961308,0.06809850037097931,1.0,0.0,0.0,1.0
0.2770310346836019,0.06989835202693939,1.0,0.0,0.0,1.0
0.2702166955900985,0.0717891976237297,1.0,0.0,0.0,1.0
0.26351924804748017,0.07375440001487732,1.0,0.0,0.0,1.0
0.2568151690483982,0.0758374035358429,1.0,0.0,0.0,1.0
0.25012411034798265,0.07804299890995026,1.0,0.0,0.0,1.0
0.2435670717652694,0.08033926039934158,1.0,0.0,0.0,1.0
0.23702321522406314,0.08277752995491028,1.0,0.0,0.0,1.0
0.23051710946184759,0.08536222577095032,1.0,0.0,0.0,1.0
0.2241188053028767,0.08807722479104996,1.0,0.0,0.0,1.0
0.21771260809328566,0.09098707139492035,1.0,0.0,0.0,1.0
0.21145277198013285,0.09403728693723679,1.0,0.0,0.0,1.0
0.20178527300456459,0.09556983411312103,1.0,0.0,0.0,0.0
0.19314662023790755,0.10049782693386078,1.0,0.0,0.0,0.0
0.18466282006681903,0.10591370612382889,1.0,0.0,0.0,0.0
0.17527081767160582,0.10830463469028473,1.0,0.0,0.0,0.0
0.16587538632817236,0.11097993701696396,1.0,0.0,0.0,0.0
0.1560552344596674,0.11413872987031937,1.0,0.0,0.0,0.0
0.1466987993150971,0.1175655797123909,1.0,0.0,0.0,0.0
0.13801206040193648,0.12119197845458984,1.0,0.0,0.0,0.0
0.12852523626643492,0.12575781345367432,1.0,0.0,0.0,0.0
0.11987277874833459,0.13061223924160004,1.0,0.0,0.0,0.0
0.11106528263039905,0.13641901314258575,1.0,0.0,0.0,0.0
0.10236889575679799,0.14326874911785126,1.0,0.0,0.0,0.0
0.09394629098944185,0.15131966769695282,1.0,0.0,0.0,0.0
0.08578579049524097,0.16095900535583496,1.0,0.0,0.0,0.0
0.07793856970895396,0.1726839542388916,1.0,0.0,0.0,0.0
0.07025069796920355,0.18773895502090454,1.0,0.0,0.0,0.0
0.06407261881839149,0.20399110019207,1.0,0.0,0.0,0.0
0.05837887456011666,0.2248598337173462,1.0,0.0,0.0,0.0
0.05443272530213873,0.22762489318847656,1.0,0.0,0.0,0.0
0.0504820634189087,0.23084188997745514,1.0,0.0,0.0,0.0
0.04660257242910362,0.23455429077148438,1.0,0.0,0.0,0.0
0.042745701175553256,0.23894692957401276,1.0,0.0,0.0,0.0
0.038888154645643484,0.24426649510860443,1.0,0.0,0.0,0.0
0.0351066919479412,0.25070449709892273,1.0,0.0,0.0,0.0
0.0,0.0,1.0,0.0,0.0,0.0
0.010399547072020406,0.5,1.0,0.0,0.0,0.0
0.0214037535792544,0.5,1.0,0.0,0.0,0.0
0.03159381132415929,0.5,1.0,0.0,0.0,0.0
0.04232189045395999,0.5,1.0,0.0,0.0,0.0
0.05286687668822736,0.5,1.0,0.0,0.0,0.0
0.06348781736042976,0.5,1.0,0.0,0.0,0.0
0.07461313690668792,0.5,1.0,0.0,0.0,0.0
0.08477433972883384,0.5,1.0,0.0,0.0,0.0
0.09550177188727223,0.5,1.0,0.0,0.0,0.0
0.09550177188727223,0.5,1.0,0.0,0.0,0.0
0.09550177188727223,0.5,1.0,0.0,0.0,0.0
0.09550177188727223,0.5,1.0,0.0,0.0,0.0
0.09550177188727223,0.5,1.0,0.0,0.0,0.0
0.09550177188727223,0.5,1.0,0.0,0.0,0.0
0.09550177188727223,0.5,1.0,0.0,0.0,0.0
0.09550177188727223,0.5,1.0,0.0,0.0,0.0
0.09550177188727223,0.5,1.0,0.0,0.0,0.0
0.09550177188727223,0.5,1.0,0.0,0.0,0.0
0.09550177188727223,0.5,1.0,0.0,0.0,0.0
0.09550177188727223,0.5,1.0,0.0,0.0,0.0
0.09550177188727223,0.5,1.0,0.0,0.0,0.0
0.09550177188727223,0.5,1.0,0.0,0.0,0.0
0.09550177188727223,0.5,1.0,0.0,0.0,0.0
0.09550177188727223,0.5,1.0,0.0,0.0,0.0
0.09550177188727223,0.5,1.0,0.0,0.0,0.0
0.09550177188727223,0.5,1.0,0.0,0.0,0.0
0.09550177188727223,0.5,1.0,0.0,0.0,0.0
0.09550177188727223,0.5,1.0,0.0,0.0,0.0
0.09550177188727223,0.5,1.0,0.0,0.0,0.0
0.09550180423584034,0.5,1.0,0.0,0.0,0.0
0.09550177188727223,0.5,1.0,0.0,0.0,0.0
0.09550177188727223,0.5,1.0,0.0,0.0,0.0
0.09550177188727223,0.5,1.0,0.0,0.0,0.0
0.09550173953870411,0.5,1.0,0.0,0.0,0.0
0.095501707190136,0.5,1.0,0.0,0.0,0.0
0.095501707190136,0.5,1.0,0.0,0.0,0.0
0.09550167484156788,0.5,1.0,0.0,0.0,0.0
0.09400175260947576,0.5064479112625122,1.0,0.0,1.0,0.0
0.10264949532377325,0.5113484859466553,1.0,0.0,1.0,0.0
0.10143990149051708,0.5173953771591187,1.0,0.0,1.0,0.0
0.11102987712259672,0.5213848352432251,1.0,0.0,1.0,0.0
0.11006816227966706,0.5270270109176636,1.0,0.0,1.0,0.0
0.1196624807070162,0.5299134254455566,1.0,0.0,1.0,0.0
0.11890477210890649,0.5352252721786499,1.0,0.0,1.0,0.0
0.1253787476558414,0.5403726100921631,0.0,0.0,1.0,0.0
0.12178917262062881,0.5487231612205505,0.0,0.0,1.0,0.0
0.12853625095387822,0.5530348420143127,0.0,0.0,1.0,0.0
0.13531917150059952,0.5568876266479492,0.0,0.0,1.0,0.0
0.1323682704199739,0.5651382207870483,0.0,0.0,1.0,0.0
0.13969368454113296,0.5684210658073425,0.0,0.0,1.0,0.0
0.14647561036938472,0.5711484551429749,0.0,0.0,1.0,0.0
0.14379182758997225,0.5745002031326294,0.0,0.0,1.0,0.0
0.14782286353425608,0.5741724371910095,0.0,0.0,1.0,0.0
0.14518834762408342,0.5775604248046875,0.0,0.0,1.0,0.0
0.14921241245193836,0.5771530866622925,0.0,0.0,1.0,0.0
0.14662840883087794,0.5805729031562805,0.0,0.0,1.0,0.0
0.15065620991835021,0.5800877213478088,0.0,0.0,1.0,0.0
0.14815338502897546,0.5834932923316956,0.0,0.0,1.0,0.0
0.1463899028381629,0.5914204120635986,0.0,0.0,1.0,0.0
0.153741114942394,0.5930485725402832,0.0,0.0,1.0,0.0
0.1524201935119686,0.6007432341575623,0.0,0.0,1.0,0.0
0.15146371104993162,0.6085292100906372,0.0,0.0,1.0,0.0
0.15086852974517584,0.6164988875389099,0.0,0.0,1.0,0.0
0.15065456014137635,0.6243700981140137,0.0,0.0,1.0,0.0
0.1508132298679825,0.6323282718658447,0.0,0.0,1.0,0.0
0.15136016328339413,0.6403865218162537,0.0,0.0,1.0,0.0
0.15224712867255105,0.6480489373207092,0.0,0.0,1.0,0.0
0.15359177777768912,0.6561818718910217,0.0,0.0,1.0,0.0
0.15512700847187924,0.6633152365684509,0.0,0.0,1.0,0.0
0.15709147231639298,0.6707227826118469,0.0,0.0,1.0,0.0
0.1593877677726348,0.6779331564903259,0.0,0.0,1.0,0.0
0.15919545553518857,0.6819847226142883,0.0,0.0,1.0,0.0
0.15910672341284796,0.6860262751579285,0.0,0.0,1.0,0.0
0.15912170079988538,0.6901341080665588,0.0,0.0,1.0,0.0
0.15924865275545438,0.6943790316581726,0.0,0.0,1.0,0.0
0.1594615548565061,0.6982206106185913,0.0,0.0,1.0,0.0
0.15978821069733568,0.7022774815559387,0.0,0.0,1.0,0.0
0.1602150015307666,0.7062883377075195,0.0,0.0,1.0,0.0
0.16074734574195815,0.7103055119514465,0.0,0.0,1.0,0.0
0.16137788403166406,0.71427321434021,0.0,0.0,1.0,0.0
0.16211083788802344,0.7182224988937378,0.0,0.0,1.0,0.0
0.16293768346333787,0.722111701965332,0.0,0.0,1.0,0.0
0.16386057193738698,0.7259583473205566,0.0,0.0,1.0,0.0
0.16488552014384025,0.7297861576080322,0.0,0.0,1.0,0.0
0.16599902255550955,0.7335464358329773,0.0,0.0,1.0,0.0
0.16720801794025558,0.7372666001319885,0.0,0.0,1.0,0.0
0.1685804221168367,0.7411297559738159,0.0,0.0,1.0,0.0
0.1699679654232958,0.7447230815887451,0.0,0.0,1.0,0.0
0.17134662904780726,0.7480382323265076,0.0,0.0,1.0,0.0
0.1729043419968376,0.7515287399291992,0.0,0.0,1.0,0.0
0.17460154197158168,0.7550721764564514,0.0,0.0,1.0,0.0
0.17325946457760877,0.7584335207939148,0.0,1.0,1.0,0.0
0.17194790805765278,0.7619807124137878,0.0,1.0,1.0,0.0
0.1707212665289998,0.7655860781669617,0.0,1.0,1.0,0.0
0.16958571856815985,0.7692342400550842,0.0,1.0,1.0,0.0
0.16854564740611258,0.7729102373123169,0.0,1.0,1.0,0.0
0.16758374655891628,0.7766828536987305,0.0,1.0,1.0,0.0
0.16671957073599666,0.7804853916168213,0.0,1.0,1.0,0.0
0.1659563224455972,0.784299373626709,0.0,1.0,1.0,0.0
0.16529084770232658,0.7881364822387695,0.0,1.0,1.0,0.0
0.1647191191094545,0.7920251488685608,0.0,1.0,1.0,0.0
0.16471913528373855,0.7920251488685608,0.0,1.0,1.0,0.0
0.16471913528373855,0.7920251488685608,0.0,1.0,1.0,0.0
0.16471913528373855,0.7920251488685608,0.0,1.0,1.0,0.0
0.16471913528373855,0.7920251488685608,0.0,1.0,1.0,0.0
0.16471913528373855,0.7920251488685608,0.0,1.0,1.0,0.0
0.16471913528373855,0.7920251488685608,0.0,1.0,1.0,0.0
0.16471913528373855,0.7920251488685608,0.0,1.0,1.0,0.0
0.1647191191094545,0.7920251488685608,0.0,1.0,1.0,0.0
0.1647191191094545,0.7920251488685608,0.0,1.0,1.0,0.0
0.1647191191094545,0.7920251488685608,0.0,1.0,1.0,0.0
0.1647190867608864,0.7920251488685608,0.0,1.0,1.0,0.0
0.1647190867608864,0.792025089263916,0.0,1.0,1.0,0.0
0.1647190867608864,0.7920251488685608,0.0,1.0,1.0,0.0
0.16471907058660232,0.7920251488685608,0.0,1.0,1.0,0.0
0.16471907058660232,0.792025089263916,0.0,1.0,1.0,0.0
0.16471905441231827,0.792025089263916,0.0,1.0,1.0,0.0
0.16152123671126759,0.7944687604904175,0.0,1.0,0.0,0.0
0.1583689010969872,0.7970057129859924,0.0,1.0,0.0,0.0
0.15524661730248604,0.7996552586555481,0.0,1.0,0.0,0.0
0.15216616020655813,0.8024155497550964,0.0,1.0,0.0,0.0
0.14895441644693377,0.8054635524749756,0.0,1.0,0.0,0.0
0.14597081096394346,0.8084670901298523,0.0,1.0,0.0,0.0
0.14304798844044203,0.8115875124931335,0.0,1.0,0.0,0.0
0.1403655319523223,0.8146231770515442,0.0,1.0,0.0,0.0
0.13755510452873793,0.8179998397827148,0.0,1.0,0.0,0.0
0.1348181083547756,0.8215038776397705,0.0,1.0,0.0,0.0
0.1321575194987019,0.8251396417617798,0.0,1.0,0.0,0.0
0.12952563999683062,0.8289877772331238,0.0,1.0,0.0,0.0
0.12952563999683062,0.8289877772331238,0.0,1.0,0.0,0.0
0.12952563999683062,0.8289877772331238,0.0,1.0,0.0,0.0
0.12952563999683062,0.8289877772331238,0.0,1.0,0.0,0.0
0.12952563999683062,0.8289877772331238,0.0,1.0,0.0,0.0
0.12952563999683062,0.8289877772331238,0.0,1.0,0.0,0.0
0.12952563999683062,0.8289877772331238,0.0,1.0,0.0,0.0
0.12952563999683062,0.8289877772331238,0.0,1.0,0.0,0.0
0.12952563999683062,0.8289877772331238,0.0,1.0,0.0,0.0
0.12952563999683062,0.8289877772331238,0.0,1.0,0.0,0.0
0.12952563999683062,0.8289877772331238,0.0,1.0,0.0,0.0
0.12952563999683062,0.8289877772331238,0.0,1.0,0.0,0.0
0.12952563999683062,0.8289877772331238,0.0,1.0,0.0,0.0
0.12952563999683062,0.8289877772331238,0.0,1.0,0.0,0.0
0.12952563999683062,0.8289877772331238,0.0,1.0,0.0,0.0
0.12952563999683062,0.8289877772331238,0.0,1.0,0.0,0.0
0.12952563999683062,0.8289877772331238,0.0,1.0,0.0,0.0
0.12952563999683062,0.8289877772331238,0.0,1.0,0.0,0.0
0.12952563999683062,0.8289877772331238,0.0,1.0,0.0,0.0
0.12952563999683062,0.8289877772331238,0.0,1.0,0.0,0.0
0.12952563999683062,0.8289877772331238,0.0,1.0,0.0,0.0
0.12952563999683062,0.8289877772331238,0.0,1.0,0.0,0.0
0.12952563999683062,0.8289877772331238,0.0,1.0,0.0,0.0
0.12952563999683062,0.8289877772331238,0.0,1.0,0.0,0.0
0.12952563999683062,0.8289877772331238,0.0,1.0,0.0,0.0
0.12952563999683062,0.8289877772331238,0.0,1.0,0.0,0.0
0.12952563999683062,0.8289877772331238,0.0,1.0,0.0,0.0
0.12952563999683062,0.8289877772331238,0.0,1.0,0.0,0.0
0.12952563999683062,0.8289877772331238,0.0,1.0,0.0,0.0
0.12548430912074407,0.8295208215713501,0.0,1.0,0.0,1.0
0.1214531518693298,0.8300880193710327,0.0,1.0,0.0,1.0
0.1172973313235407,0.8307138085365295,0.0,1.0,0.0,1.0
0.1133668832518118,0.8313482403755188,0.0,1.0,0.0,1.0
0.10933726255738302,0.8320462703704834,0.0,1.0,0.0,1.0
0.10530538555032819,0.8327986001968384,0.0,1.0,0.0,1.0
0.10126069851029965,0.8336141109466553,0.0,1.0,0.0,1.0
0.09723690864527366,0.8344933986663818,0.0,1.0,0.0,1.0
0.09321578753711722,0.8354486227035522,0.0,1.0,0.0,1.0
0.08919325926624774,0.8364914059638977,0.0,1.0,0.0,1.0
0.08515630353399879,0.8376380205154419,0.0,1.0,0.0,1.0
0.0779168880811746,0.8340917229652405,0.0,0.0,0.0,1.0
0.07066940974774763,0.8297855854034424,0.0,0.0,0.0,1.0
0.06349226528854562,0.8245059251785278,0.0,0.0,0.0,1.0
0.056347776708856157,0.8178319334983826,0.0,0.0,0.0,1.0
0.04936215194718155,0.8092844486236572,0.0,0.0,0.0,1.0
0.04262327801952042,0.7980790138244629,0.0,0.0,0.0,1.0
0.03614231113830157,0.7826865911483765,0.0,0.0,0.0,1.0
0.52999894000318,0.0,0.0,0.0,0.0,1.0
0.52999894000318,0.0,0.0,1.0,0.0,0.0
0.52999894000318,0.0,0.0,1.0,0.0,0.0
0.52999894000318,0.0,0.0,1.0,0.0,0.0
0.5299989723517481,0.0,0.0,1.0,0.0,0.0
0.5299990047003162,0.0,0.0,1.0,0.0,0.0
0.5299990047003162,0.0,0.0,1.0,0.0,0.0
0.5285140760295456,0.998911440372467,0.0,1.0,1.0,0.0
0.5270038831270768,0.9977787733078003,0.0,1.0,1.0,0.0
0.5255161401308801,0.9966362118721008,0.0,1.0,1.0,0.0
0.5240435686131296,0.9954776167869568,0.0,1.0,1.0,0.0
0.5226220431358652,0.9943315386772156,0.0,1.0,1.0,0.0
0.5212076990407225,0.9931623935699463,0.0,1.0,1.0,0.0
0.5161883981662282,0.9914658665657043,0.0,0.0,1.0,0.0
0.5111739819255194,0.9897167682647705,0.0,0.0,1.0,0.0
0.5062272712378763,0.987934947013855,0.0,0.0,1.0,0.0
0.5013708130552751,0.9861279129981995,0.0,0.0,1.0,0.0
0.4965835484598728,0.9842870831489563,0.0,0.0,1.0,0.0
0.49186460404033033,0.9824108481407166,0.0,0.0,1.0,0.0
0.4871855777538423,0.9804861545562744,0.0,0.0,1.0,0.0
0.4826099051424831,0.9785376787185669,0.0,0.0,1.0,0.0
0.4780752505154942,0.9765375852584839,0.0,0.0,1.0,0.0
0.47366682000129173,0.9745224118232727,0.0,0.0,1.0,0.0
0.4647537866798796,0.9726323485374451,1.0,0.0,1.0,0.0
0.45702325526592696,0.9709212183952332,1.0,0.0,1.0,0.0
0.4488302040250599,0.9690294861793518,1.0,0.0,1.0,0.0
0.44066532838702144,0.9670584201812744,1.0,0.0,1.0,0.0
0.43265061480217476,0.9650338888168335,1.0,0.0,1.0,0.0
0.42461257789971685,0.9629073143005371,1.0,0.0,1.0,0.0
0.4167657533833893,0.9607310891151428,1.0,0.0,1.0,0.0
0.4088734791288595,0.9584340453147888,1.0,0.0,1.0,0.0
0.4011620980672312,0.9560761451721191,1.0,0.0,1.0,0.0
0.3934200182144614,0.9535859823226929,1.0,0.0,1.0,0.0
0.38589564422510836,0.9510375261306763,1.0,0.0,1.0,0.0
0.37847617664215366,0.9483889937400818,1.0,0.0,1.0,0.0
0.37104089060939055,0.945587158203125,1.0,0.0,1.0,0.0
0.3638975827524373,0.9427422285079956,1.0,0.0,1.0,0.0
0.35677274592787794,0.9397398829460144,1.0,0.0,1.0,0.0
0.34973877623115485,0.936597466468811,1.0,0.0,1.0,0.0
0.34293933365326856,0.9333726763725281,1.0,0.0,1.0,0.0
0.3362993695161914,0.930025577545166,1.0,0.0,1.0,0.0
0.3297122629394148,0.9264888167381287,1.0,0.0,1.0,0.0
0.32337343162292415,0.9228565692901611,1.0,0.0,1.0,0.0
0.3172208957102102,0.9190881252288818,1.0,0.0,1.0,0.0
0.3111890846537031,0.9151294231414795,1.0,0.0,1.0,0.0
0.30541709729629907,0.9110605716705322,1.0,0.0,1.0,0.0
0.296419440120697,0.9080213904380798,1.0,0.0,0.0,0.0
0.2872362639069529,0.9046795964241028,1.0,0.0,0.0,0.0
0.2788539088454744,0.9013907313346863,1.0,0.0,0.0,0.0
0.2702841585289032,0.8977615237236023,1.0,0.0,0.0,0.0
0.26186188533437027,0.8938958048820496,1.0,0.0,0.0,0.0
0.25357114141779463,0.8897584676742554,1.0,0.0,0.0,0.0
0.24549503025066485,0.8853627443313599,1.0,0.0,0.0,0.0
0.23717819721390415,0.8803963661193848,1.0,0.0,0.0,0.0
0.22989933268226317,0.8756202459335327,1.0,0.0,0.0,0.0
0.222528484997186,0.87030029296875,1.0,0.0,0.0,0.0
0.21535970264284185,0.8645691871643066,1.0,0.0,0.0,0.0
0.2085185951092229,0.8584797382354736,1.0,0.0,0.0,0.0
0.20171724396581786,0.8516845703125,1.0,0.0,0.0,0.0
0.19373394084061127,0.8477306962013245,1.0,0.0,0.0,0.0
0.1854435527582849,0.8431880474090576,1.0,0.0,0.0,0.0
0.17745737061051603,0.8383145928382874,1.0,0.0,0.0,0.0
0.16956158653634573,0.832921028137207,1.0,0.0,0.0,0.0
0.1617625570294087,0.8269125819206238,1.0,0.0,0.0,0.0
0.15447369679022005,0.8205452561378479,1.0,0.0,0.0,0.0
0.1473231266797249,0.813417911529541,1.0,0.0,0.0,0.0
0.14047944743494079,0.8055582642555237,1.0,0.0,0.0,0.0
0.13408138589023075,0.7970165014266968,1.0,0.0,0.0,0.0
0.1278882282631059,0.7872734069824219,1.0,0.0,0.0,0.0
0.12253580992130102,0.7772323489189148,1.0,0.0,0.0,0.0
0.11761303717406323,0.7660681009292603,1.0,0.0,0.0,0.0
0.11327583820685092,0.7538618445396423,1.0,0.0,0.0,0.0
0.10952215888558878,0.7402088642120361,1.0,0.0,0.0,0.0
0.10490540359272293,0.7320446372032166,1.0,0.0,0.0,0.0
0.1003914116136178,0.7227108478546143,1.0,0.0,0.0,0.0
0.09628537551415835,0.7126205563545227,1.0,0.0,0.0,0.0
0.09523321407477794,0.6962752342224121,1.0,0.0,0.0,0.0
0.09523321407477794,0.6962752342224121,1.0,0.0,0.0,0.0
0.09523321407477794,0.6962752342224121,1.0,0.0,0.0,0.0
0.09523321407477794,0.6962752342224121,1.0,0.0,0.0,0.0
