null,null,null,null,null,null
0.2565782070159912,-0.44439905881881714,1.0,0.0,0.0,0.0
0.25071293115615845,-0.44439905881881714,1.0,0.0,0.0,0.0
0.24441227316856384,-0.44439905881881714,1.0,0.0,0.0,0.0
0.2381945103406906,-0.44439905881881714,1.0,0.0,0.0,0.0
0.23191669583320618,-0.44439905881881714,1.0,0.0,0.0,0.0
0.1469736546278,-0.44439905881881714,1.0,0.0,0.0,0.0
0.14106544852256775,-0.44439905881881714,1.0,0.0,0.0,0.0
0.13451987504959106,-0.44439905881881714,1.0,0.0,0.0,0.0
0.12851707637310028,-0.44439905881881714,1.0,0.0,0.0,0.0
0.12225165963172913,-0.44439905881881714,1.0,0.0,0.0,0.0
0.11599311977624893,-0.44439905881881714,1.0,0.0,0.0,0.0
0.1097080260515213,-0.44439905881881714,1.0,0.0,0.0,0.0
0.1034853383898735,-0.44439905881881714,1.0,0.0,0.0,0.0
0.09717903286218643,-0.44439905881881714,1.0,0.0,0.0,0.0
0.09090965241193771,-0.44439905881881714,1.0,0.0,0.0,0.0
0.08463478088378906,-0.44439905881881714,1.0,0.0,0.0,0.0
0.0783998891711235,-0.44439905881881714,1.0,0.0,0.0,0.0
0.07210762053728104,-0.44439905881881714,1.0,0.0,0.0,0.0
0.0063230134546756744,-0.44439905881881714,1.0,0.0,0.0,0.0
3.181457577738911E-5,-0.44439905881881714,1.0,0.0,0.0,0.0
-0.006256790366023779,-0.44439905881881714,1.0,0.0,0.0,0.0
-0.012491836212575436,-0.44439905881881714,1.0,0.0,0.0,0.0
-0.018729934468865395,-0.44439905881881714,1.0,0.0,0.0,0.0
-0.025037460029125214,-0.44439905881881714,1.0,0.0,0.0,0.0
-0.03129829466342926,-0.44439905881881714,1.0,0.0,0.0,0.0
-0.037551652640104294,-0.44439905881881714,1.0,0.0,0.0,0.0
-0.04382484406232834,-0.44439905881881714,1.0,0.0,0.0,0.0
-0.050050124526023865,-0.44439905881881714,1.0,0.0,0.0,0.0
-0.056378401815891266,-0.44439905881881714,1.0,0.0,0.0,0.0
-0.06283393502235413,-0.44439905881881714,1.0,0.0,0.0,0.0
-0.068887859582901,-0.44439905881881714,1.0,0.0,0.0,0.0
-0.12215538322925568,-0.44439905881881714,0.0,1.0,0.0,0.0
-0.11905044317245483,-0.44439905881881714,0.0,1.0,0.0,0.0
-0.1159030944108963,-0.44439905881881714,0.0,1.0,0.0,0.0
-0.11277587711811066,-0.44439905881881714,0.0,1.0,0.0,0.0
-0.10964912176132202,-0.44439905881881714,0.0,1.0,0.0,0.0
-0.1065019965171814,-0.44439905881881714,0.0,1.0,0.0,0.0
-0.10324691981077194,-0.44439905881881714,0.0,1.0,0.0,0.0
-0.10023322701454163,-0.44439905881881714,0.0,1.0,0.0,0.0
-0.09710708260536194,-0.44439905881881714,0.0,1.0,0.0,0.0
-0.09398636221885681,-0.44439905881881714,0.0,1.0,0.0,0.0
-0.09083107113838196,-0.44439905881881714,0.0,1.0,0.0,0.0
-0.08751709014177322,-0.44439905881881714,0.0,1.0,0.0,0.0
-0.08456466346979141,-0.44439905881881714,0.0,1.0,0.0,0.0
-0.08139083534479141,-0.44439905881881714,0.0,1.0,0.0,0.0
-0.07829101383686066,-0.44439905881881714,0.0,1.0,0.0,0.0
-0.08145599067211151,-0.4293135404586792,1.0,0.0,0.0,0.0
-0.08462844789028168,-0.4242376685142517,1.0,0.0,0.0,0.0
-0.08771774172782898,-0.4192947447299957,1.0,0.0,0.0,0.0
-0.09084075689315796,-0.4142979085445404,1.0,0.0,0.0,0.0
-0.09397201240062714,-0.4092878997325897,1.0,0.0,0.0,0.0
-0.09709122031927109,-0.4042971730232239,1.0,0.0,0.0,0.0
-0.10022208839654922,-0.39928773045539856,1.0,0.0,0.0,0.0
-0.10337372124195099,-0.39424505829811096,1.0,0.0,0.0,0.0
-0.10648239403963089,-0.38927116990089417,1.0,0.0,0.0,0.0
-0.1096329465508461,-0.38423022627830505,1.0,0.0,0.0,0.0
-0.1129288449883461,-0.3789568543434143,1.0,0.0,0.0,0.0
-0.11591049283742905,-0.37418627738952637,1.0,0.0,0.0,0.0
-0.11903831362724304,-0.36918169260025024,1.0,0.0,0.0,0.0
-0.12216949462890625,-0.3641718029975891,1.0,0.0,0.0,0.0
-0.1253037303686142,-0.359156996011734,1.0,0.0,0.0,0.0
-0.1253037303686142,-0.34906765818595886,0.0,0.0,0.0,1.0
-0.1253037303686142,-0.3390929698944092,0.0,0.0,0.0,1.0
-0.1253037303686142,-0.328983336687088,0.0,0.0,0.0,1.0
-0.1253037303686142,-0.3190450966358185,0.0,0.0,0.0,1.0
-0.1253037303686142,-0.30900248885154724,0.0,0.0,0.0,1.0
-0.1253037303686142,-0.29898980259895325,0.0,0.0,0.0,1.0
-0.1253037303686142,-0.28890007734298706,0.0,0.0,0.0,1.0
-0.625,-0.4000000059604645,1.0,0.0,0.0,0.0
-0.6281512975692749,-0.39495790004730225,1.0,0.0,0.0,0.0
-0.6313214898109436,-0.38988563418388367,1.0,0.0,0.0,0.0
-0.6343610882759094,-0.38502222299575806,1.0,0.0,0.0,0.0
-0.6374942660331726,-0.38000914454460144,1.0,0.0,0.0,0.0
-0.6406602263450623,-0.3749436140060425,1.0,0.0,0.0,0.0
-0.6437773704528809,-0.3699561059474945,1.0,0.0,0.0,0.0
-0.6469020247459412,-0.364956796169281,1.0,0.0,0.0,0.0
-0.650046169757843,-0.3599261939525604,1.0,0.0,0.0,0.0
-0.6531776189804077,-0.3549158275127411,1.0,0.0,0.0,0.0
-0.6562870740890503,-0.3499407470226288,1.0,0.0,0.0,0.0
-0.6594496965408325,-0.34488049149513245,1.0,0.0,0.0,0.0
-0.6625614762306213,-0.33990174531936646,1.0,0.0,0.0,0.0
-0.6656925678253174,-0.3348918557167053,1.0,0.0,0.0,0.0
-0.6689644455909729,-0.3296568691730499,1.0,0.0,0.0,0.0
-0.6719781756401062,-0.32483503222465515,1.0,0.0,0.0,0.0
-0.6312321424484253,-0.2635491192340851,0.0,1.0,0.0,0.0
-0.6254522800445557,-0.2609788775444031,0.0,1.0,0.0,0.0
-0.6196070313453674,-0.2583795189857483,0.0,1.0,0.0,0.0
-0.6138156056404114,-0.2558041512966156,0.0,1.0,0.0,0.0
-0.607889711856842,-0.2531689405441284,0.0,1.0,0.0,0.0
-0.6021076440811157,-0.2505977153778076,0.0,1.0,0.0,0.0
-0.5963403582572937,-0.24803301692008972,0.0,1.0,0.0,0.0
-0.5905232429504395,-0.24544623494148254,0.0,1.0,0.0,0.0
-0.5847314596176147,-0.24287067353725433,0.0,1.0,0.0,0.0
-0.578876256942749,-0.24026690423488617,0.0,1.0,0.0,0.0
-0.5730697512626648,-0.23768481612205505,0.0,1.0,0.0,0.0
-0.5672669410705566,-0.23510436713695526,0.0,1.0,0.0,0.0
-0.561436116695404,-0.2325114756822586,0.0,1.0,0.0,0.0
-0.5556580424308777,-0.22994202375411987,0.0,1.0,0.0,0.0
-0.5497885346412659,-0.22733190655708313,0.0,1.0,0.0,0.0
-0.5439622402191162,-0.22474102675914764,0.0,1.0,0.0,0.0
-0.538165807723999,-0.2221633940935135,0.0,1.0,0.0,0.0
-0.5323662757873535,-0.2195844054222107,0.0,1.0,0.0,0.0
-0.5265318751335144,-0.2169899344444275,0.0,1.0,0.0,0.0
-0.5206066966056824,-0.21435503661632538,0.0,1.0,0.0,0.0
-0.514893114566803,-0.2118142992258072,0.0,1.0,0.0,0.0
-0.5090590119361877,-0.20921990275382996,0.0,1.0,0.0,0.0
-0.4960879981517792,-0.19369955360889435,1.0,0.0,0.0,0.0
-0.4965358376502991,-0.19112154841423035,1.0,0.0,0.0,0.0
-0.4969877004623413,-0.1885203868150711,1.0,0.0,0.0,0.0
-0.4974350035190582,-0.18594522774219513,1.0,0.0,0.0,0.0
-0.4978809356689453,-0.1833779364824295,1.0,0.0,0.0,0.0
-0.4983334243297577,-0.18077276647090912,1.0,0.0,0.0,0.0
-0.4987804889678955,-0.17819885909557343,1.0,0.0,0.0,0.0
-0.4992426633834839,-0.17553827166557312,1.0,0.0,0.0,0.0
-0.49967947602272034,-0.1730237752199173,1.0,0.0,0.0,0.0
-0.500132143497467,-0.1704179048538208,1.0,0.0,0.0,0.0
-0.5005829334259033,-0.1678227186203003,1.0,0.0,0.0,0.0
-0.5010298490524292,-0.1652498096227646,1.0,0.0,0.0,0.0
-0.501477837562561,-0.16267092525959015,1.0,0.0,0.0,0.0
-0.4956260621547699,-0.16006869077682495,0.0,1.0,0.0,0.0
-0.48981773853302,-0.15748578310012817,0.0,1.0,0.0,0.0
-0.48401474952697754,-0.15490524470806122,0.0,1.0,0.0,0.0
-0.47819268703460693,-0.15231622755527496,0.0,1.0,0.0,0.0
-0.4724072217941284,-0.1497434675693512,0.0,1.0,0.0,0.0
-0.4665583372116089,-0.14714251458644867,0.0,1.0,0.0,0.0
-0.46051025390625,-0.1444530040025711,0.0,1.0,0.0,0.0
-0.4592024087905884,-0.14843109250068665,0.0,1.0,0.0,0.0
-0.45784759521484375,-0.1525522768497467,0.0,1.0,0.0,0.0
-0.4564673602581024,-0.1567503958940506,0.0,1.0,0.0,0.0
-0.45512741804122925,-0.1608262062072754,0.0,1.0,0.0,0.0
-0.4537748098373413,-0.1649404913187027,0.0,1.0,0.0,0.0
-0.45240429043769836,-0.16910937428474426,0.0,1.0,0.0,0.0
-0.4509938359260559,-0.17339959740638733,0.0,1.0,0.0,0.0
-0.44969993829727173,-0.17733551561832428,0.0,1.0,0.0,0.0
-0.4483439326286316,-0.18146008253097534,0.0,1.0,0.0,0.0
-0.44698745012283325,-0.18558621406555176,0.0,1.0,0.0,0.0
-0.4456276595592499,-0.1897221952676773,0.0,1.0,0.0,0.0
-0.44427359104156494,-0.19384078681468964,0.0,1.0,0.0,0.0
-0.44290512800216675,-0.19800348579883575,0.0,1.0,0.0,0.0
-0.44155338406562805,-0.20211520791053772,0.0,1.0,0.0,0.0
-0.44019263982772827,-0.2062542736530304,0.0,1.0,0.0,0.0
-0.4388090968132019,-0.2104627937078476,0.0,1.0,0.0,0.0
-0.43747588992118835,-0.21451812982559204,0.0,1.0,0.0,0.0
-0.43608927726745605,-0.21873590350151062,0.0,1.0,0.0,0.0
-0.4347544014453888,-0.22279620170593262,0.0,1.0,0.0,0.0
-0.4334116280078888,-0.22688066959381104,0.0,1.0,0.0,0.0
-0.4319725036621094,-0.23125812411308289,0.0,1.0,0.0,0.0
-0.4306841790676117,-0.23517699539661407,0.0,1.0,0.0,0.0
-0.4293271005153656,-0.23930492997169495,0.0,1.0,0.0,0.0
-0.4278866946697235,-0.24368621408939362,0.0,1.0,0.0,0.0
-0.4265177845954895,-0.24785003066062927,0.0,1.0,0.0,0.0
-0.42525267601013184,-0.2516981065273285,0.0,1.0,0.0,0.0
-0.42389366030693054,-0.2558319568634033,0.0,1.0,0.0,0.0
-0.4225401282310486,-0.25994908809661865,0.0,1.0,0.0,0.0
-0.4211724102497101,-0.26410943269729614,0.0,1.0,0.0,0.0
-0.41982606053352356,-0.26820483803749084,0.0,1.0,0.0,0.0
-0.4184567928314209,-0.2723695635795593,0.0,1.0,0.0,0.0
-0.4170949161052704,-0.2765122056007385,0.0,1.0,0.0,0.0
-0.4157392084598541,-0.28063586354255676,0.0,1.0,0.0,0.0
-0.4143822193145752,-0.28476372361183167,0.0,1.0,0.0,0.0
-0.4130271077156067,-0.28888556361198425,0.0,1.0,0.0,0.0
-0.4116726219654083,-0.29300543665885925,0.0,1.0,0.0,0.0
-0.410319060087204,-0.29712262749671936,0.0,1.0,0.0,0.0
-0.4089416563510895,-0.3013122081756592,0.0,1.0,0.0,0.0
-0.4075644612312317,-0.3055013418197632,0.0,1.0,0.0,0.0
-0.40623530745506287,-0.3095443844795227,0.0,1.0,0.0,0.0
-0.40487140417099,-0.31369298696517944,0.0,1.0,0.0,0.0
-0.4035182595252991,-0.3178088963031769,0.0,1.0,0.0,0.0
-0.40214744210243225,-0.32197868824005127,0.0,1.0,0.0,0.0
-0.4008062779903412,-0.3260582983493805,0.0,1.0,0.0,0.0
-0.39936691522598267,-0.3304365277290344,0.0,1.0,0.0,0.0
-0.39809828996658325,-0.3342954218387604,0.0,1.0,0.0,0.0
-0.3967285454273224,-0.3384619653224945,0.0,1.0,0.0,0.0
-0.39536023139953613,-0.34262409806251526,0.0,1.0,0.0,0.0
-0.3940087854862213,-0.3467346727848053,0.0,1.0,0.0,0.0
-0.39265596866607666,-0.3508497178554535,0.0,1.0,0.0,0.0
-0.3912188708782196,-0.3552209436893463,0.0,1.0,0.0,0.0
-0.3899432420730591,-0.3591010868549347,0.0,1.0,0.0,0.0
-0.38858163356781006,-0.3632427453994751,0.0,1.0,0.0,0.0
-0.38714200258255005,-0.36762169003486633,0.0,1.0,0.0,0.0
-0.3858703672885895,-0.37148967385292053,0.0,1.0,0.0,0.0
-0.38450467586517334,-0.3756437301635742,0.0,1.0,0.0,0.0
-0.38314759731292725,-0.37977153062820435,0.0,1.0,0.0,0.0
-0.3817794919013977,-0.3839329183101654,0.0,1.0,0.0,0.0
-0.3804258406162262,-0.38805046677589417,0.0,1.0,0.0,0.0
-0.3790777623653412,-0.3921509385108948,0.0,1.0,0.0,0.0
-0.37601563334465027,-0.39718061685562134,0.0,1.0,0.0,0.0
-0.3729613423347473,-0.4021972715854645,0.0,1.0,0.0,0.0
-0.36988383531570435,-0.40725213289260864,0.0,1.0,0.0,0.0
-0.3677443265914917,-0.40872296690940857,0.0,1.0,0.0,1.0
-0.3655647337436676,-0.4102213382720947,0.0,1.0,0.0,1.0
-0.363445520401001,-0.4116781949996948,0.0,1.0,0.0,1.0
-0.361368328332901,-0.41310614347457886,0.0,1.0,0.0,1.0
-0.35917866230010986,-0.41461145877838135,0.0,1.0,0.0,1.0
-0.3570435345172882,-0.41607922315597534,0.0,1.0,0.0,1.0
-0.3549705743789673,-0.41750428080558777,0.0,1.0,0.0,1.0
-0.35284262895584106,-0.4189671277999878,0.0,1.0,0.0,1.0
-0.35376107692718506,-0.41541939973831177,0.0,1.0,0.0,1.0
-0.35469287633895874,-0.4118199348449707,0.0,1.0,0.0,1.0
-0.35469290614128113,-0.4118199348449707,0.0,1.0,0.0,0.0
-0.35469287633895874,-0.4118199348449707,0.0,1.0,0.0,0.0
-0.3556581139564514,-0.4080914855003357,0.0,1.0,0.0,1.0
-0.35652679204940796,-0.40473610162734985,0.0,1.0,0.0,1.0
-0.35743963718414307,-0.40121009945869446,0.0,1.0,0.0,1.0
-0.3583607077598572,-0.39765217900276184,0.0,1.0,0.0,1.0
-0.3592802882194519,-0.39409998059272766,0.0,1.0,0.0,1.0
-0.3602025508880615,-0.3905373215675354,0.0,1.0,0.0,1.0
-0.3611287772655487,-0.3869595229625702,0.0,1.0,0.0,1.0
-0.3611287772655487,-0.3869595229625702,0.0,1.0,0.0,0.0
-0.36112871766090393,-0.3869595229625702,0.0,1.0,0.0,0.0
-0.36112871766090393,-0.3869595229625702,0.0,1.0,0.0,0.0
-0.36112871766090393,-0.3869595229625702,0.0,1.0,0.0,0.0
-0.36112871766090393,-0.3869595229625702,0.0,1.0,0.0,0.0
-0.3620526194572449,-0.3833908438682556,0.0,1.0,0.0,1.0
-0.3629658818244934,-0.37986308336257935,0.0,1.0,0.0,1.0
-0.3638862669467926,-0.3763080835342407,0.0,1.0,0.0,1.0
-0.364846795797348,-0.37259775400161743,0.0,1.0,0.0,1.0
-0.3657251000404358,-0.3692050874233246,0.0,1.0,0.0,1.0
-0.36663758754730225,-0.36568042635917664,0.0,1.0,0.0,1.0
-0.36663752794265747,-0.36568042635917664,0.0,1.0,0.0,0.0
-0.36663752794265747,-0.36568042635917664,0.0,1.0,0.0,0.0
-0.3666374981403351,-0.36568042635917664,0.0,1.0,0.0,0.0
-0.36663752794265747,-0.36568042635917664,0.0,1.0,0.0,0.0
-0.3634679317474365,-0.36568042635917664,0.0,1.0,0.0,0.0
-0.36037564277648926,-0.36568042635917664,0.0,1.0,0.0,0.0
-0.35724249482154846,-0.36568042635917664,0.0,1.0,0.0,0.0
-0.3540448844432831,-0.36568042635917664,0.0,1.0,0.0,0.0
-0.35096871852874756,-0.36568042635917664,0.0,1.0,0.0,0.0
-0.3478586673736572,-0.36568042635917664,0.0,1.0,0.0,0.0
-0.34470969438552856,-0.36568042635917664,0.0,1.0,0.0,0.0
-0.34159010648727417,-0.36568042635917664,0.0,1.0,0.0,0.0
-0.3384567201137543,-0.36568042635917664,0.0,1.0,0.0,0.0
-0.3352348208427429,-0.36568042635917664,0.0,1.0,0.0,0.0
-0.33217543363571167,-0.36568042635917664,0.0,1.0,0.0,0.0
-0.3290376365184784,-0.36568042635917664,0.0,1.0,0.0,0.0
-0.32593047618865967,-0.36568042635917664,0.0,1.0,0.0,0.0
-0.3227747678756714,-0.36568042635917664,0.0,1.0,0.0,0.0
-0.319658100605011,-0.36568042635917664,0.0,1.0,0.0,0.0
-0.3164442479610443,-0.36568042635917664,0.0,1.0,0.0,0.0
-0.3131960332393646,-0.36568042635917664,0.0,1.0,0.0,0.0
-0.31022945046424866,-0.36568042635917664,0.0,1.0,0.0,0.0
-0.3071242868900299,-0.36568042635917664,0.0,1.0,0.0,0.0
-0.3039819002151489,-0.36568042635917664,0.0,1.0,0.0,0.0
-0.3008342683315277,-0.36568042635917664,0.0,1.0,0.0,0.0
-0.2977241575717926,-0.36568042635917664,0.0,1.0,0.0,0.0
-0.2945767641067505,-0.36568042635917664,0.0,1.0,0.0,0.0
-0.29145777225494385,-0.36568042635917664,0.0,1.0,0.0,0.0
-0.2883080542087555,-0.36568042635917664,0.0,1.0,0.0,0.0
-0.2851615250110626,-0.36568042635917664,0.0,1.0,0.0,0.0
-0.2820111811161041,-0.36568042635917664,0.0,1.0,0.0,0.0
-0.27892276644706726,-0.36568042635917664,0.0,1.0,0.0,0.0
-0.27577537298202515,-0.36568042635917664,0.0,1.0,0.0,0.0
-0.27263978123664856,-0.36568042635917664,0.0,1.0,0.0,0.0
-0.2694546580314636,-0.36568042635917664,0.0,1.0,0.0,0.0
-0.2663731276988983,-0.36568042635917664,0.0,1.0,0.0,0.0
-0.2632540166378021,-0.36568042635917664,0.0,1.0,0.0,0.0
-0.2601090371608734,-0.36568042635917664,0.0,1.0,0.0,0.0
-0.25686192512512207,-0.36568042635917664,0.0,1.0,0.0,0.0
-0.2538406252861023,-0.36568042635917664,0.0,1.0,0.0,0.0
-0.25162234902381897,-0.3621312081813812,0.0,1.0,0.0,1.0
-0.2494206577539444,-0.35860851407051086,0.0,1.0,0.0,1.0
-0.24718956649303436,-0.35503876209259033,0.0,1.0,0.0,1.0
-0.2449895441532135,-0.35151875019073486,0.0,1.0,0.0,1.0
-0.24276824295520782,-0.34796464443206787,0.0,1.0,0.0,1.0
-0.24051521718502045,-0.34435975551605225,0.0,1.0,0.0,1.0
-0.23741641640663147,-0.34435975551605225,0.0,1.0,0.0,0.0
-0.23428799211978912,-0.34435975551605225,0.0,1.0,0.0,0.0
-0.23116011917591095,-0.34435975551605225,0.0,1.0,0.0,0.0
-0.2279665768146515,-0.34435975551605225,0.0,1.0,0.0,0.0
-0.22490741312503815,-0.34435975551605225,0.0,1.0,0.0,0.0
-0.22174812853336334,-0.34435975551605225,0.0,1.0,0.0,0.0
-0.2194584310054779,-0.34069621562957764,0.0,1.0,0.0,1.0
-0.2173226922750473,-0.3372790217399597,0.0,1.0,0.0,1.0
-0.21506977081298828,-0.3336743712425232,0.0,1.0,0.0,1.0
-0.21288849413394928,-0.33018437027931213,0.0,1.0,0.0,1.0
-0.21067993342876434,-0.3266507089138031,0.0,1.0,0.0,1.0
-0.20733501017093658,-0.3266507089138031,0.0,1.0,0.0,0.0
-0.2044234424829483,-0.3266507089138031,0.0,1.0,0.0,0.0
-0.2012859731912613,-0.3266507089138031,0.0,1.0,0.0,0.0
-0.19815193116664886,-0.3266507089138031,0.0,1.0,0.0,0.0
-0.19504500925540924,-0.3266507089138031,0.0,1.0,0.0,0.0
-0.1918710321187973,-0.3266507089138031,0.0,1.0,0.0,0.0
-0.18858611583709717,-0.3266507089138031,0.0,1.0,0.0,0.0
-0.18558013439178467,-0.3266507089138031,0.0,1.0,0.0,0.0
-0.18245574831962585,-0.3266507089138031,0.0,1.0,0.0,0.0
-0.17935973405838013,-0.3266507089138031,0.0,1.0,0.0,0.0
-0.1762334406375885,-0.3266507089138031,0.0,1.0,0.0,0.0
-0.17308364808559418,-0.3266507089138031,0.0,1.0,0.0,0.0
-0.1699388176202774,-0.3266507089138031,0.0,1.0,0.0,0.0
-0.1668093055486679,-0.3266507089138031,0.0,1.0,0.0,0.0
-0.1636650115251541,-0.3266507089138031,0.0,1.0,0.0,0.0
-0.1605399250984192,-0.3266507089138031,0.0,1.0,0.0,0.0
-0.1574040949344635,-0.3266507089138031,0.0,1.0,0.0,0.0
-0.1542787104845047,-0.3266507089138031,0.0,1.0,0.0,0.0
-0.15116149187088013,-0.3266507089138031,0.0,1.0,0.0,0.0
-0.14804679155349731,-0.3266507089138031,0.0,1.0,0.0,0.0
-0.054070282727479935,-0.33162838220596313,0.0,0.0,1.0,0.0
-0.050925370305776596,-0.3366602063179016,0.0,0.0,1.0,0.0
-0.047767866402864456,-0.34171220660209656,0.0,0.0,1.0,0.0
-0.04465339705348015,-0.3466953635215759,0.0,0.0,1.0,0.0
-0.04151573032140732,-0.3517155945301056,0.0,0.0,1.0,0.0
-0.03838485851883888,-0.3567250370979309,0.0,0.0,1.0,0.0
-0.03524711728096008,-0.3617453873157501,0.0,0.0,1.0,0.0
-0.03211013972759247,-0.36676454544067383,0.0,0.0,1.0,0.0
-0.02899429388344288,-0.3717499375343323,0.0,0.0,1.0,0.0
-0.025842590257525444,-0.37679263949394226,0.0,0.0,1.0,0.0
-0.022616958245635033,-0.3819535970687866,0.0,0.0,1.0,0.0
-0.01940414495766163,-0.387094110250473,0.0,0.0,1.0,0.0
-0.01644584722816944,-0.39182746410369873,0.0,0.0,1.0,0.0
-0.013325195759534836,-0.39682045578956604,0.0,0.0,1.0,0.0
-0.010176620446145535,-0.4018581807613373,0.0,0.0,1.0,0.0
-0.0070480345748364925,-0.40686386823654175,0.0,0.0,1.0,0.0
-0.003908920101821423,-0.41188645362854004,0.0,0.0,1.0,0.0
-7.926177931949496E-4,-0.4168725311756134,0.0,0.0,1.0,0.0
0.0025019836612045765,-0.42214396595954895,0.0,0.0,1.0,0.0
0.005507736001163721,-0.42695316672325134,0.0,0.0,1.0,0.0
0.00862754788249731,-0.4319448471069336,0.0,0.0,1.0,0.0
0.01176170352846384,-0.43695950508117676,0.0,0.0,1.0,0.0
0.01486640889197588,-0.44192707538604736,0.0,0.0,1.0,0.0
0.018022460862994194,-0.44697681069374084,0.0,0.0,1.0,0.0
0.021148834377527237,-0.4519789516925812,0.0,0.0,1.0,0.0
0.02431335486471653,-0.45704224705696106,0.0,0.0,1.0,0.0
0.027428360655903816,-0.46202629804611206,0.0,0.0,1.0,0.0
0.030552826821804047,-0.46702539920806885,0.0,0.0,1.0,0.0
0.033690568059682846,-0.47204580903053284,0.0,0.0,1.0,0.0
0.03682136535644531,-0.4770551323890686,0.0,0.0,1.0,0.0
0.04013160616159439,-0.4823515713214874,0.0,0.0,1.0,0.0
0.04307762160897255,-0.48706522583961487,0.0,0.0,1.0,0.0
0.046217575669288635,-0.492089182138443,0.0,0.0,1.0,0.0
0.04934181272983551,-0.4970879852771759,0.0,0.0,1.0,0.0
0.052490539848804474,-0.5021259784698486,0.0,0.0,1.0,0.0
0.05574638396501541,-0.5073353052139282,0.0,0.0,1.0,0.0
0.05875690281391144,-0.5121520757675171,0.0,0.0,1.0,0.0
0.06189659237861633,-0.5171756744384766,0.0,0.0,1.0,0.0
0.0650322362780571,-0.5221927165985107,0.0,0.0,1.0,0.0
0.06814853847026825,-0.5271787643432617,0.0,0.0,1.0,0.0
0.0712776929140091,-0.532185435295105,0.0,0.0,1.0,0.0
0.07460945099592209,-0.537516176700592,0.0,0.0,1.0,0.0
0.07755859196186066,-0.5422347784042358,0.0,0.0,1.0,0.0
0.08067844063043594,-0.5472265481948853,0.0,0.0,1.0,0.0
0.08383598178625107,-0.5522786378860474,0.0,0.0,1.0,0.0
0.0869632363319397,-0.5572822093963623,0.0,0.0,1.0,0.0
0.09010478854179382,-0.5623087286949158,0.0,0.0,1.0,0.0
0.0932139977812767,-0.5672834515571594,0.0,0.0,1.0,0.0
0.09635883569717407,-0.5723151564598083,0.0,0.0,1.0,0.0
0.09951767325401306,-0.5773693323135376,0.0,0.0,1.0,0.0
0.10262145847082138,-0.582335352897644,0.0,0.0,1.0,0.0
0.10578472167253494,-0.5873966217041016,0.0,0.0,1.0,0.0
0.10889316350221634,-0.5923700332641602,0.0,0.0,1.0,0.0
0.11202263087034225,-0.5973771810531616,0.0,0.0,1.0,0.0
0.115167997777462,-0.6024097800254822,0.0,0.0,1.0,0.0
0.11830734461545944,-0.6074327230453491,0.0,0.0,1.0,0.0
0.1214018240571022,-0.6123839020729065,0.0,0.0,1.0,0.0
0.124704509973526,-0.6176682114601135,0.0,0.0,1.0,0.0
0.12784725427627563,-0.622696578502655,0.0,0.0,1.0,0.0
0.13083164393901825,-0.6274716258049011,0.0,0.0,1.0,0.0
0.13410191237926483,-0.6327040791511536,0.0,0.0,1.0,0.0
0.13710178434848785,-0.6375039219856262,0.0,0.0,1.0,0.0
0.14020878076553345,-0.6424750685691833,0.0,0.0,1.0,0.0
0.14334015548229218,-0.6474852561950684,0.0,0.0,1.0,0.0
0.1465281993150711,-0.6525861024856567,0.0,0.0,1.0,0.0
0.14962367713451385,-0.657538890838623,0.0,0.0,1.0,0.0
0.15276280045509338,-0.6625614762306213,0.0,0.0,1.0,0.0
0.15609149634838104,-0.6678874492645264,0.0,0.0,1.0,0.0
0.15902435779571533,-0.6725799441337585,0.0,0.0,1.0,0.0
0.16216175258159637,-0.6775998473167419,0.0,0.0,1.0,0.0
0.16308952867984772,-0.6811836361885071,1.0,0.0,1.0,0.0
0.16399726271629333,-0.6846899390220642,1.0,0.0,1.0,0.0
0.16399730741977692,-0.6846899390220642,1.0,0.0,0.0,0.0
0.16399730741977692,-0.6846899390220642,1.0,0.0,0.0,0.0
0.16399726271629333,-0.6846899390220642,1.0,0.0,0.0,0.0
0.16399726271629333,-0.6846899390220642,1.0,0.0,0.0,0.0
0.16399726271629333,-0.6846899390220642,1.0,0.0,0.0,0.0
0.16399726271629333,-0.6846899390220642,1.0,0.0,0.0,0.0
0.16399726271629333,-0.6846899390220642,1.0,0.0,0.0,0.0
0.16399723291397095,-0.6846899390220642,1.0,0.0,0.0,0.0
0.16399718821048737,-0.6846899390220642,1.0,0.0,0.0,0.0
0.16399718821048737,-0.6846899390220642,1.0,0.0,0.0,0.0
0.16399715840816498,-0.6846899390220642,1.0,0.0,0.0,0.0
0.16399715840816498,-0.6846899390220642,1.0,0.0,0.0,0.0
0.16399715840816498,-0.6846899390220642,1.0,0.0,0.0,0.0
0.16399715840816498,-0.6846899390220642,1.0,0.0,0.0,0.0
0.16399715840816498,-0.6846899390220642,1.0,0.0,0.0,0.0
0.16399715840816498,-0.6846899390220642,1.0,0.0,0.0,0.0
0.16399715840816498,-0.6846899390220642,1.0,0.0,0.0,0.0
0.16399715840816498,-0.6846899390220642,1.0,0.0,0.0,0.0
0.16399715840816498,-0.6846899390220642,1.0,0.0,0.0,0.0
0.1586059182882309,-0.6811169385910034,1.0,0.0,0.0,1.0
0.15328918397426605,-0.6775933504104614,1.0,0.0,0.0,1.0
0.14794014394283295,-0.6740483045578003,1.0,0.0,0.0,1.0
0.14248977601528168,-0.6704360842704773,1.0,0.0,0.0,1.0
0.1372380405664444,-0.6669555306434631,1.0,0.0,0.0,1.0
0.13188713788986206,-0.6634092330932617,1.0,0.0,0.0,1.0
0.1265752762556076,-0.6598888635635376,1.0,0.0,0.0,1.0
0.12120925635099411,-0.6563325524330139,1.0,0.0,0.0,1.0
0.1158754751086235,-0.6527976393699646,1.0,0.0,0.0,1.0
0.1105082705616951,-0.6492406129837036,1.0,0.0,0.0,1.0
0.1039983332157135,-0.6492406129837036,1.0,0.0,0.0,0.0
0.09794212132692337,-0.6492406129837036,1.0,0.0,0.0,0.0
0.09164352715015411,-0.6492406129837036,1.0,0.0,0.0,0.0
0.08633606135845184,-0.6457231044769287,1.0,0.0,0.0,1.0
0.08098720759153366,-0.6421782374382019,1.0,0.0,0.0,1.0
0.07566948235034943,-0.6386539340019226,1.0,0.0,0.0,1.0
0.07030319422483444,-0.6350973844528198,1.0,0.0,0.0,1.0
0.06493133306503296,-0.6315373182296753,1.0,0.0,0.0,1.0
0.05949928238987923,-0.6279372572898865,1.0,0.0,0.0,1.0
0.05427326261997223,-0.6244737505912781,1.0,0.0,0.0,1.0
0.048878248780965805,-0.6208981871604919,1.0,0.0,0.0,1.0
0.04356861114501953,-0.6173792481422424,1.0,0.0,0.0,1.0
0.03822948411107063,-0.6138408184051514,1.0,0.0,0.0,1.0
0.032860755920410156,-0.6102827787399292,1.0,0.0,0.0,1.0
0.027528610080480576,-0.6067488789558411,1.0,0.0,0.0,1.0
0.021830176934599876,-0.6029723286628723,1.0,0.0,0.0,1.0
0.0167930219322443,-0.599634051322937,1.0,0.0,0.0,1.0
0.011431541293859482,-0.5960807204246521,1.0,0.0,0.0,1.0
0.0061330413445830345,-0.5925692319869995,1.0,0.0,0.0,1.0
7.486343383789062E-4,-0.5890007615089417,1.0,0.0,0.0,1.0
-0.004602394066751003,-0.5854543447494507,1.0,0.0,0.0,1.0
-0.009908981621265411,-0.5819374918937683,1.0,0.0,0.0,1.0
-0.015281524509191513,-0.5783768892288208,1.0,0.0,0.0,1.0
-0.018603362143039703,-0.5730618834495544,0.0,0.0,0.0,1.0
-0.021555252373218536,-0.5683388710021973,0.0,0.0,0.0,1.0
-0.024812126532197,-0.563127875328064,0.0,0.0,0.0,1.0
-0.027818413451313972,-0.5583177804946899,0.0,0.0,0.0,1.0
-0.03095191903412342,-0.5533041954040527,0.0,0.0,0.0,1.0
-0.03406974673271179,-0.5483155846595764,0.0,0.0,0.0,1.0
-0.03502597659826279,-0.544622004032135,0.0,1.0,0.0,1.0
-0.03590511158108711,-0.5412260890007019,0.0,1.0,0.0,1.0
-0.0368257537484169,-0.537669837474823,0.0,1.0,0.0,1.0
-0.03780914470553398,-0.5338711738586426,0.0,1.0,0.0,1.0
-0.03866317868232727,-0.5305723547935486,0.0,1.0,0.0,1.0
-0.03957653045654297,-0.5270442962646484,0.0,1.0,0.0,1.0
-0.040549468249082565,-0.5232861042022705,0.0,1.0,0.0,1.0
-0.0414159782230854,-0.5199390649795532,0.0,1.0,0.0,1.0
-0.04232914000749588,-0.5164119005203247,0.0,1.0,0.0,1.0
-0.0432698056101799,-0.5127783417701721,0.0,1.0,0.0,1.0
-0.04420227184891701,-0.5091763734817505,0.0,1.0,0.0,1.0
-0.045088499784469604,-0.5057530999183655,0.0,1.0,0.0,1.0
-0.04602355882525444,-0.5021412372589111,0.0,1.0,0.0,1.0
-0.046924322843551636,-0.4986617863178253,0.0,1.0,0.0,1.0
-0.047839049249887466,-0.4951283931732178,0.0,1.0,0.0,1.0
-0.04875167831778526,-0.49160313606262207,0.0,1.0,0.0,1.0
-0.04967842251062393,-0.4880232810974121,0.0,1.0,0.0,1.0
-0.050589561462402344,-0.4845038950443268,0.0,1.0,0.0,1.0
-0.05151466280221939,-0.480930358171463,0.0,1.0,0.0,1.0
-0.05242175981402397,-0.4774264693260193,0.0,1.0,0.0,1.0
-0.05334670841693878,-0.4738536477088928,0.0,1.0,0.0,1.0
-0.05431438609957695,-0.47011566162109375,0.0,1.0,0.0,1.0
-0.05518745258450508,-0.4667434096336365,0.0,1.0,0.0,1.0
-0.0560947023332119,-0.4632388651371002,0.0,1.0,0.0,1.0
-0.05703617259860039,-0.4596021771430969,0.0,1.0,0.0,1.0
-0.057936400175094604,-0.45612481236457825,0.0,1.0,0.0,1.0
-0.058849409222602844,-0.45259806513786316,0.0,1.0,0.0,1.0
-0.059771690517663956,-0.44903549551963806,0.0,1.0,0.0,1.0
-0.06069828197360039,-0.4454563856124878,0.0,1.0,0.0,1.0
-0.06160888820886612,-0.4419387876987457,0.0,1.0,0.0,1.0
-0.06255088746547699,-0.4382999837398529,0.0,1.0,0.0,1.0
-0.06344246119260788,-0.434856116771698,0.0,1.0,0.0,1.0
-0.06436645239591599,-0.43128687143325806,0.0,1.0,0.0,1.0
-0.0652763769030571,-0.42777204513549805,0.0,1.0,0.0,1.0
-0.06619350612163544,-0.42422953248023987,0.0,1.0,0.0,1.0
-0.06711402535438538,-0.42067357897758484,0.0,1.0,0.0,1.0
-0.06808257848024368,-0.41693249344825745,0.0,1.0,0.0,1.0
-0.06897571682929993,-0.41348257660865784,0.0,1.0,0.0,1.0
-0.069869764149189,-0.4100291132926941,0.0,1.0,0.0,1.0
-0.0708034485578537,-0.40642234683036804,0.0,1.0,0.0,1.0
-0.07174720615148544,-0.402776837348938,0.0,1.0,0.0,1.0
-0.07261528074741364,-0.399423748254776,0.0,1.0,0.0,1.0
-0.07353255897760391,-0.39588049054145813,0.0,1.0,0.0,1.0
-0.07445801049470901,-0.39230597019195557,0.0,1.0,0.0,1.0
-0.07537582516670227,-0.3887608051300049,0.0,1.0,0.0,1.0
-0.07629387080669403,-0.3852146565914154,0.0,1.0,0.0,1.0
-0.0772164911031723,-0.3816508948802948,0.0,1.0,0.0,1.0
-0.0772164911031723,-0.3816508948802948,0.0,1.0,0.0,0.0
-0.0772164911031723,-0.3816508948802948,0.0,1.0,0.0,0.0
-0.0772164911031723,-0.3816508948802948,0.0,1.0,0.0,0.0
-0.0772164911031723,-0.3816508948802948,0.0,1.0,0.0,0.0
-0.0772164911031723,-0.3816508948802948,0.0,1.0,0.0,0.0
-0.0772164911031723,-0.3816508948802948,0.0,1.0,0.0,0.0
-0.0772164911031723,-0.3816508948802948,0.0,1.0,0.0,0.0
-0.0772164911031723,-0.3816508948802948,0.0,1.0,0.0,0.0
-0.0772164911031723,-0.3816508948802948,0.0,1.0,0.0,0.0
-0.0772164911031723,-0.3816508948802948,0.0,1.0,0.0,0.0
-0.0772164911031723,-0.3816508948802948,0.0,1.0,0.0,0.0
-0.0772164911031723,-0.3816508948802948,0.0,1.0,0.0,0.0
-0.0772164911031723,-0.3816508948802948,0.0,1.0,0.0,0.0
-0.0772164911031723,-0.3816508948802948,0.0,1.0,0.0,0.0
-0.0772164911031723,-0.3816508948802948,0.0,1.0,0.0,0.0
-0.0772164911031723,-0.3816508948802948,0.0,1.0,0.0,0.0
-0.0772164911031723,-0.3816508948802948,0.0,1.0,0.0,0.0
-0.0772164911031723,-0.3816508948802948,0.0,1.0,0.0,0.0
-0.0772164911031723,-0.3816508948802948,0.0,1.0,0.0,0.0
-0.0772164911031723,-0.3816508948802948,0.0,1.0,0.0,0.0
-0.0772164911031723,-0.3816508948802948,0.0,1.0,0.0,0.0
-0.0772164911031723,-0.3816508948802948,0.0,1.0,0.0,0.0
-0.0772164911031723,-0.3816508948802948,0.0,1.0,0.0,0.0
-0.0772164911031723,-0.3816508948802948,0.0,1.0,0.0,0.0
-0.0772164911031723,-0.3816508948802948,0.0,1.0,0.0,0.0
-0.0772164911031723,-0.3816508948802948,0.0,1.0,0.0,0.0
-0.0772164911031723,-0.3816508948802948,0.0,1.0,0.0,0.0
-0.0772164911031723,-0.3816508948802948,0.0,1.0,0.0,0.0
-0.0772164911031723,-0.3816508948802948,0.0,1.0,0.0,0.0
-0.0772164911031723,-0.3816508948802948,0.0,1.0,0.0,0.0
-0.0772164911031723,-0.3816508948802948,0.0,1.0,0.0,0.0
-0.0835154727101326,-0.3816508948802948,1.0,0.0,0.0,0.0
-0.08975036442279816,-0.3816508948802948,1.0,0.0,0.0,0.0
-0.09601440280675888,-0.3816508948802948,1.0,0.0,0.0,0.0
-0.09912879765033722,-0.3816508948802948,1.0,0.0,0.0,0.0
-0.10227088630199432,-0.3816508948802948,1.0,0.0,0.0,0.0
-0.10542228817939758,-0.3816508948802948,1.0,0.0,0.0,0.0
-0.10854103416204453,-0.3816508948802948,1.0,0.0,0.0,0.0
-0.11164665222167969,-0.3816508948802948,1.0,0.0,0.0,0.0
-0.11483459174633026,-0.3816508948802948,1.0,0.0,0.0,0.0
-0.11811225861310959,-0.3816508948802948,1.0,0.0,0.0,0.0
-0.1210910826921463,-0.3816508948802948,1.0,0.0,0.0,0.0
-0.12421562522649765,-0.3816508948802948,1.0,0.0,0.0,0.0
-0.12733642756938934,-0.3816508948802948,1.0,0.0,0.0,0.0
-0.13046616315841675,-0.3816508948802948,1.0,0.0,0.0,0.0
-0.1336020678281784,-0.3816508948802948,1.0,0.0,0.0,0.0
-0.1367383599281311,-0.3816508948802948,1.0,0.0,0.0,0.0
-0.1391061395406723,-0.37786248326301575,1.0,0.0,0.0,1.0
-0.1411779820919037,-0.3745475113391876,1.0,0.0,0.0,1.0
-0.1433946192264557,-0.37100085616111755,1.0,0.0,0.0,1.0
-0.14560821652412415,-0.36745911836624146,1.0,0.0,0.0,1.0
-0.14782416820526123,-0.36391353607177734,1.0,0.0,0.0,1.0
-0.15002991259098053,-0.36038443446159363,1.0,0.0,0.0,1.0
-0.1522596776485443,-0.3568168580532074,1.0,0.0,0.0,1.0
-0.15446113049983978,-0.3532944917678833,1.0,0.0,0.0,1.0
-0.1566753387451172,-0.3497517704963684,1.0,0.0,0.0,1.0
-0.15897010266780853,-0.34608006477355957,1.0,0.0,0.0,1.0
-0.16112151741981506,-0.3426378667354584,1.0,0.0,0.0,1.0
-0.16333594918251038,-0.3390948176383972,1.0,0.0,0.0,1.0
-0.16553962230682373,-0.33556893467903137,1.0,0.0,0.0,1.0
-0.1677543669939041,-0.33202531933784485,1.0,0.0,0.0,1.0
-0.16997002065181732,-0.3284803032875061,1.0,0.0,0.0,1.0
-0.17220871150493622,-0.3248984217643738,1.0,0.0,0.0,1.0
-0.17441734671592712,-0.3213646411895752,1.0,0.0,0.0,1.0
-0.17661796510219574,-0.31784361600875854,1.0,0.0,0.0,1.0
-0.17661796510219574,-0.312528133392334,0.0,0.0,0.0,1.0
-0.17661796510219574,-0.3078058958053589,0.0,0.0,0.0,1.0
-0.17661796510219574,-0.3027791380882263,0.0,0.0,0.0,1.0
-0.17661796510219574,-0.2977917492389679,0.0,0.0,0.0,1.0
-0.17661796510219574,-0.29274919629096985,0.0,0.0,0.0,1.0
-0.17661796510219574,-0.28774625062942505,0.0,0.0,0.0,1.0
-0.17661796510219574,-0.28242844343185425,0.0,0.0,0.0,1.0
-0.17970305681228638,-0.28242844343185425,1.0,0.0,0.0,0.0
-0.18284134566783905,-0.28242844343185425,1.0,0.0,0.0,0.0
-0.18599441647529602,-0.28242844343185425,1.0,0.0,0.0,0.0
-0.18911635875701904,-0.28242844343185425,1.0,0.0,0.0,0.0
-0.19221916794776917,-0.28242844343185425,1.0,0.0,0.0,0.0
-0.19538284838199615,-0.28242844343185425,1.0,0.0,0.0,0.0
-0.19849899411201477,-0.28242844343185425,1.0,0.0,0.0,0.0
-0.2016475349664688,-0.28242844343185425,1.0,0.0,0.0,0.0
-0.20479045808315277,-0.28242844343185425,1.0,0.0,0.0,0.0
-0.207895889878273,-0.28242844343185425,1.0,0.0,0.0,0.0
-0.21104347705841064,-0.28242844343185425,1.0,0.0,0.0,0.0
-0.21415333449840546,-0.28242844343185425,1.0,0.0,0.0,0.0
-0.21731095016002655,-0.28242844343185425,1.0,0.0,0.0,0.0
-0.21963340044021606,-0.2787124514579773,1.0,0.0,0.0,1.0
-0.2217429280281067,-0.27533718943595886,1.0,0.0,0.0,1.0
-0.22409377992153168,-0.27157583832740784,1.0,0.0,0.0,1.0
-0.2261682152748108,-0.2682567536830902,1.0,0.0,0.0,1.0
-0.22838978469371796,-0.2647022306919098,1.0,0.0,0.0,1.0
-0.23059894144535065,-0.26116758584976196,1.0,0.0,0.0,1.0
-0.23282089829444885,-0.2576124370098114,1.0,0.0,0.0,1.0
-0.2350243777036667,-0.2540868818759918,1.0,0.0,0.0,1.0
-0.23725174367427826,-0.25052309036254883,1.0,0.0,0.0,1.0
-0.23946505784988403,-0.24698178470134735,1.0,0.0,0.0,1.0
-0.24181358516216278,-0.2432241588830948,1.0,0.0,0.0,1.0
-0.24394184350967407,-0.23981894552707672,1.0,0.0,0.0,1.0
-0.24610446393489838,-0.23635873198509216,1.0,0.0,0.0,1.0
-0.24832923710346222,-0.23279906809329987,1.0,0.0,0.0,1.0
-0.2505452632904053,-0.22925341129302979,1.0,0.0,0.0,1.0
-0.25276049971580505,-0.22570905089378357,1.0,0.0,0.0,1.0
-0.25276049971580505,-0.22044861316680908,0.0,0.0,0.0,1.0
-0.25276049971580505,-0.21567218005657196,0.0,0.0,0.0,1.0
-0.25276049971580505,-0.21069219708442688,0.0,0.0,0.0,1.0
-0.25276049971580505,-0.20566809177398682,0.0,0.0,0.0,1.0
-0.25276049971580505,-0.2006101757287979,0.0,0.0,0.0,1.0
-0.25276049971580505,-0.19565844535827637,0.0,0.0,0.0,1.0
-0.25276049971580505,-0.1906145066022873,0.0,0.0,0.0,1.0
-0.25276049971580505,-0.1856270134449005,0.0,0.0,0.0,1.0
-0.25276049971580505,-0.18060803413391113,0.0,0.0,0.0,1.0
-0.25276049971580505,-0.17559625208377838,0.0,0.0,0.0,1.0
-0.25276049971580505,-0.17054113745689392,0.0,0.0,0.0,1.0
-0.25276049971580505,-0.16551648080348969,0.0,0.0,0.0,1.0
-0.25276049971580505,-0.16052033007144928,0.0,0.0,0.0,1.0
-0.25276049971580505,-0.1554970145225525,0.0,0.0,0.0,1.0
-0.25276049971580505,-0.15033532679080963,0.0,0.0,0.0,1.0
-0.25276049971580505,-0.14550122618675232,0.0,0.0,0.0,1.0
-0.25276049971580505,-0.14050957560539246,0.0,0.0,0.0,1.0
-0.25276049971580505,-0.13546808063983917,0.0,0.0,0.0,1.0
-0.25276049971580505,-0.13048046827316284,0.0,0.0,0.0,1.0
-0.25276049971580505,-0.12535491585731506,0.0,0.0,0.0,1.0
-0.25276049971580505,-0.12040142714977264,0.0,0.0,0.0,1.0
-0.25276049971580505,-0.11540698260068893,0.0,0.0,0.0,1.0
-0.25276049971580505,-0.11039074510335922,0.0,0.0,0.0,1.0
-0.25276049971580505,-0.1053936779499054,0.0,0.0,0.0,1.0
-0.25276049971580505,-0.10040368884801865,0.0,0.0,0.0,1.0
-0.25276049971580505,-0.09537456929683685,0.0,0.0,0.0,1.0
-0.25276049971580505,-0.090346559882164,0.0,0.0,0.0,1.0
-0.25276049971580505,-0.08530852943658829,0.0,0.0,0.0,1.0
-0.25276049971580505,-0.08031781017780304,0.0,0.0,0.0,1.0
-0.25276049971580505,-0.07525879144668579,0.0,0.0,0.0,1.0
-0.25276049971580505,-0.07025928050279617,0.0,0.0,0.0,1.0
-0.25276049971580505,-0.0652756318449974,0.0,0.0,0.0,1.0
-0.25276049971580505,-0.06030657887458801,0.0,0.0,0.0,1.0
-0.25276049971580505,-0.05525830015540123,0.0,0.0,0.0,1.0
-0.25276049971580505,-0.05027148500084877,0.0,0.0,0.0,1.0
-0.25276049971580505,-0.045222289860248566,0.0,0.0,0.0,1.0
-0.25276049971580505,-0.040162354707717896,0.0,0.0,0.0,1.0
-0.25276049971580505,-0.03519439697265625,0.0,0.0,0.0,1.0
-0.25276049971580505,-0.03018634021282196,0.0,0.0,0.0,1.0
-0.25276049971580505,-0.02515985071659088,0.0,0.0,0.0,1.0
-0.25276049971580505,-0.020154662430286407,0.0,0.0,0.0,1.0
-0.25276049971580505,-0.015149353072047234,0.0,0.0,0.0,1.0
-0.25276049971580505,-0.010124512016773224,0.0,0.0,0.0,1.0
-0.25276049971580505,-0.005152404773980379,0.0,0.0,0.0,1.0
-0.25276049971580505,-6.451416265917942E-5,0.0,0.0,0.0,1.0
-0.2496529072523117,-6.451416265917942E-5,0.0,1.0,0.0,0.0
-0.24651546776294708,-6.451416265917942E-5,0.0,1.0,0.0,0.0
-0.24340443313121796,-6.451416265917942E-5,0.0,1.0,0.0,0.0
-0.2402491420507431,-6.451416265917942E-5,0.0,1.0,0.0,0.0
-0.23713500797748566,-6.451416265917942E-5,0.0,1.0,0.0,0.0
-0.23398594558238983,-6.451416265917942E-5,0.0,1.0,0.0,0.0
-0.23066188395023346,0.005253967363387346,0.0,1.0,0.0,0.0
-0.22770465910434723,0.009985534474253654,0.0,1.0,0.0,0.0
-0.2245834767818451,0.01497943140566349,0.0,1.0,0.0,0.0
-0.22144122421741486,0.020007019862532616,0.0,1.0,0.0,0.0
-0.21831905841827393,0.025002501904964447,0.0,1.0,0.0,0.0
-0.21519722044467926,0.029997436329722404,0.0,1.0,0.0,0.0
-0.21185001730918884,0.03535296767950058,0.0,1.0,0.0,0.0
-0.20891128480434418,0.04005493223667145,0.0,1.0,0.0,0.0
-0.2120535969734192,0.045082639902830124,1.0,0.0,0.0,0.0
-0.2151855081319809,0.05009368807077408,1.0,0.0,0.0,0.0
-0.21830043196678162,0.05507757514715195,1.0,0.0,0.0,0.0
-0.22144298255443573,0.06010565161705017,1.0,0.0,0.0,0.0
-0.22456184029579163,0.06509582698345184,1.0,0.0,0.0,0.0
-0.22770683467388153,0.07012780755758286,1.0,0.0,0.0,0.0
-0.2308293879032135,0.07512389868497849,1.0,0.0,0.0,0.0
-0.23397140204906464,0.08015112578868866,1.0,0.0,0.0,0.0
-0.2372848093509674,0.08545257896184921,1.0,0.0,0.0,0.0
-0.24023674428462982,0.09017565846443176,1.0,0.0,0.0,0.0
-0.2433755099773407,0.09519769251346588,1.0,0.0,0.0,0.0
-0.24651141464710236,0.10021515190601349,1.0,0.0,0.0,0.0
-0.24965359270572662,0.10524261742830276,1.0,0.0,0.0,0.0
-0.25276896357536316,0.11022723466157913,1.0,0.0,0.0,0.0
-0.25590431690216064,0.11524377763271332,1.0,0.0,0.0,0.0
-0.2581110894680023,0.11670629680156708,1.0,0.0,1.0,0.0
-0.2603413462638855,0.11818438768386841,1.0,0.0,1.0,0.0
-0.26251789927482605,0.11962689459323883,1.0,0.0,1.0,0.0
-0.26472803950309753,0.12109161168336868,1.0,0.0,1.0,0.0
-0.266986608505249,0.12258844077587128,1.0,0.0,1.0,0.0
-0.26919201016426086,0.12404999136924744,1.0,0.0,1.0,0.0
-0.2714124321937561,0.12552154064178467,1.0,0.0,1.0,0.0
-0.2736172378063202,0.12698279321193695,1.0,0.0,1.0,0.0
-0.27583077549934387,0.12844976782798767,1.0,0.0,1.0,0.0
-0.2780541479587555,0.1299232840538025,1.0,0.0,1.0,0.0
-0.28027570247650146,0.13139556348323822,1.0,0.0,1.0,0.0
-0.28255730867385864,0.1329077184200287,1.0,0.0,1.0,0.0
-0.2847031056880951,0.13432984054088593,1.0,0.0,1.0,0.0
-0.2869265079498291,0.13580340147018433,1.0,0.0,1.0,0.0
-0.2891358435153961,0.13726763427257538,1.0,0.0,1.0,0.0
-0.2869226336479187,0.13873443007469177,0.0,1.0,1.0,0.0
-0.2847139239311218,0.1401982456445694,0.0,1.0,1.0,0.0
-0.2825000286102295,0.1416654735803604,0.0,1.0,1.0,0.0
-0.28028014302253723,0.1431366503238678,0.0,1.0,1.0,0.0
-0.2780556380748749,0.14461089670658112,0.0,1.0,1.0,0.0
-0.2758387327194214,0.1460801362991333,0.0,1.0,1.0,0.0
-0.27362439036369324,0.1475476622581482,0.0,1.0,1.0,0.0
-0.2714062035083771,0.14901776611804962,0.0,1.0,1.0,0.0
-0.2692044973373413,0.15047690272331238,0.0,1.0,1.0,0.0
-0.26697850227355957,0.15195214748382568,0.0,1.0,1.0,0.0
-0.2647748589515686,0.1534126251935959,0.0,1.0,1.0,0.0
-0.2625354826450348,0.15489676594734192,0.0,1.0,1.0,0.0
-0.2603208124637604,0.15636450052261353,0.0,1.0,1.0,0.0
-0.2581139802932739,0.15782701969146729,0.0,1.0,1.0,0.0
-0.2559000849723816,0.1592942774295807,0.0,1.0,1.0,0.0
-0.25368282198905945,0.1607636958360672,0.0,1.0,1.0,0.0
-0.25146815180778503,0.1622314155101776,0.0,1.0,1.0,0.0
-0.2492017298936844,0.16373345255851746,0.0,1.0,1.0,0.0
-0.24704140424728394,0.16516521573066711,0.0,1.0,1.0,0.0
-0.24469737708568573,0.1667187213897705,0.0,1.0,1.0,0.0
-0.24260608851909637,0.16810467839241028,0.0,1.0,1.0,0.0
-0.24031150341033936,0.1696254014968872,0.0,1.0,1.0,0.0
-0.2381734400987625,0.16136661171913147,0.0,1.0,1.0,0.0
-0.23580501973628998,0.1522180140018463,0.0,1.0,1.0,0.0
-0.23373574018478394,0.14422494173049927,0.0,1.0,1.0,0.0
-0.23152808845043182,0.13569742441177368,0.0,1.0,1.0,0.0
-0.23152808845043182,0.12562979757785797,0.0,0.0,1.0,0.0
-0.23152808845043182,0.11564300209283829,0.0,0.0,1.0,0.0
-0.23152808845043182,0.10533929616212845,0.0,0.0,1.0,0.0
-0.23152808845043182,0.09553631395101547,0.0,0.0,1.0,0.0
-0.23152808845043182,0.08557510375976562,0.0,0.0,1.0,0.0
-0.23152808845043182,0.07527026534080505,0.0,0.0,1.0,0.0
-0.23152808845043182,0.06498916447162628,0.0,0.0,1.0,0.0
-0.23152808845043182,0.055419739335775375,0.0,0.0,1.0,0.0
-0.23152808845043182,0.04545111209154129,0.0,0.0,1.0,0.0
-0.23152808845043182,0.03548614680767059,0.0,0.0,1.0,0.0
-0.23152808845043182,0.025424866005778313,0.0,0.0,1.0,0.0
-0.23152808845043182,0.01528021227568388,0.0,0.0,1.0,0.0
-0.23152808845043182,0.0053706662729382515,0.0,0.0,1.0,0.0
-0.23152808845043182,-0.004637878388166428,0.0,0.0,1.0,0.0
-0.2338433861732483,-0.013581299223005772,1.0,0.0,1.0,0.0
-0.23596858978271484,-0.021790405735373497,1.0,0.0,1.0,0.0
-0.23817378282546997,-0.030308471992611885,1.0,0.0,1.0,0.0
-0.24040324985980988,-0.038920287042856216,1.0,0.0,1.0,0.0
-0.24260425567626953,-0.04742218181490898,1.0,0.0,1.0,0.0
-0.24483078718185425,-0.05602264404296875,1.0,0.0,1.0,0.0
-0.24483078718185425,-0.0661696195602417,0.0,0.0,1.0,0.0
-0.24483078718185425,-0.07628106325864792,0.0,0.0,1.0,0.0
-0.24483078718185425,-0.08605514466762543,0.0,0.0,1.0,0.0
-0.24483078718185425,-0.09608590602874756,0.0,0.0,1.0,0.0
-0.24483078718185425,-0.10616723448038101,0.0,0.0,1.0,0.0
-0.24483078718185425,-0.11613256484270096,0.0,0.0,1.0,0.0
-0.24259933829307556,-0.12475210428237915,0.0,1.0,1.0,0.0
-0.2403797209262848,-0.13332599401474,0.0,1.0,1.0,0.0
-0.23816978931427002,-0.1418624222278595,0.0,1.0,1.0,0.0
-0.23597034811973572,-0.15035827457904816,0.0,1.0,1.0,0.0
-0.2337435483932495,-0.1589597463607788,0.0,1.0,1.0,0.0
-0.2315266728401184,-0.16752298176288605,0.0,1.0,1.0,0.0
-0.2293224334716797,-0.17603738605976105,0.0,1.0,1.0,0.0
-0.22709587216377258,-0.18463803827762604,0.0,1.0,1.0,0.0
-0.22396136820316315,-0.18965323269367218,0.0,1.0,0.0,0.0
-0.22083263099193573,-0.19465920329093933,0.0,1.0,0.0,0.0
-0.21751442551612854,-0.1999683529138565,0.0,1.0,0.0,0.0
-0.2145550549030304,-0.20470334589481354,0.0,1.0,0.0,0.0
-0.21144402027130127,-0.20968100428581238,0.0,1.0,0.0,0.0
-0.20829898118972778,-0.21471303701400757,0.0,1.0,0.0,0.0
-0.20516158640384674,-0.2197328805923462,0.0,1.0,0.0,0.0
-0.20203930139541626,-0.2247285395860672,0.0,1.0,0.0,0.0
-0.1989290565252304,-0.22970499098300934,0.0,1.0,0.0,0.0
-0.1955956220626831,-0.2350384145975113,0.0,1.0,0.0,0.0
-0.19263306260108948,-0.23977847397327423,0.0,1.0,0.0,0.0
-0.18949347734451294,-0.24480178952217102,0.0,1.0,0.0,0.0
-0.18635345995426178,-0.2498258352279663,0.0,1.0,0.0,0.0
-0.1832396686077118,-0.25480782985687256,0.0,1.0,0.0,0.0
-0.18010985851287842,-0.2598155736923218,0.0,1.0,0.0,0.0
-0.17694488167762756,-0.26487961411476135,0.0,1.0,0.0,0.0
-0.17384010553359985,-0.2698473334312439,0.0,1.0,0.0,0.0
-0.17061546444892883,-0.27500680088996887,0.0,1.0,0.0,0.0
-0.16752776503562927,-0.27994710206985474,0.0,1.0,0.0,0.0
-0.16442382335662842,-0.28491342067718506,0.0,1.0,0.0,0.0
-0.1612919569015503,-0.28992435336112976,0.0,1.0,0.0,0.0
-0.15815529227256775,-0.29494303464889526,0.0,1.0,0.0,0.0
-0.15502502024173737,-0.29494303464889526,0.0,1.0,0.0,0.0
-0.1519113928079605,-0.29494303464889526,0.0,1.0,0.0,0.0
-0.14875930547714233,-0.29494303464889526,0.0,1.0,0.0,0.0
-0.14563995599746704,-0.29494303464889526,0.0,1.0,0.0,0.0
-0.14249953627586365,-0.29494303464889526,0.0,1.0,0.0,0.0
-0.13928161561489105,-0.29494303464889526,0.0,1.0,0.0,0.0
-0.13622520864009857,-0.29494303464889526,0.0,1.0,0.0,0.0
-0.13306358456611633,-0.29494303464889526,0.0,1.0,0.0,0.0
-0.12998169660568237,-0.29494303464889526,0.0,1.0,0.0,0.0
-0.1268390715122223,-0.29494303464889526,0.0,1.0,0.0,0.0
-0.12361519038677216,-0.29494303464889526,0.0,1.0,0.0,0.0
-0.12055938690900803,-0.29494303464889526,0.0,1.0,0.0,0.0
-0.11724159121513367,-0.29494303464889526,0.0,1.0,0.0,0.0
-0.11429160833358765,-0.29494303464889526,0.0,1.0,0.0,0.0
-0.11115837097167969,-0.29494303464889526,0.0,1.0,0.0,0.0
-0.10802841186523438,-0.29494303464889526,0.0,1.0,0.0,0.0
-0.10487373173236847,-0.29494303464889526,0.0,1.0,0.0,0.0
-0.1017749011516571,-0.29494303464889526,0.0,1.0,0.0,0.0
-0.09861137717962265,-0.29494303464889526,0.0,1.0,0.0,0.0
-0.0955091118812561,-0.29494303464889526,0.0,1.0,0.0,0.0
-0.09218086302280426,-0.29494303464889526,0.0,1.0,0.0,0.0
-0.08921539038419724,-0.29494303464889526,0.0,1.0,0.0,0.0
-0.08608123660087585,-0.29494303464889526,0.0,1.0,0.0,0.0
-0.08295906335115433,-0.29494303464889526,0.0,1.0,0.0,0.0
-0.07981269806623459,-0.29494303464889526,0.0,1.0,0.0,0.0
-0.0765378549695015,-0.29494303464889526,0.0,1.0,0.0,0.0
-0.07356323301792145,-0.29494303464889526,0.0,1.0,0.0,0.0
-0.07043777406215668,-0.29494303464889526,0.0,1.0,0.0,0.0
-0.06731445342302322,-0.29494303464889526,0.0,1.0,0.0,0.0
-0.06415306031703949,-0.29494303464889526,0.0,1.0,0.0,0.0
-0.06091110408306122,-0.29494303464889526,0.0,1.0,0.0,0.0
-0.057888105511665344,-0.29494303464889526,0.0,1.0,0.0,0.0
-0.054753340780735016,-0.29494303464889526,0.0,1.0,0.0,0.0
-0.051638029515743256,-0.29494303464889526,0.0,1.0,0.0,0.0
-0.048490677028894424,-0.29494303464889526,0.0,1.0,0.0,0.0
-0.045266035944223404,-0.29494303464889526,0.0,1.0,0.0,0.0
-0.04203140363097191,-0.29494303464889526,0.0,1.0,0.0,0.0
-0.03908859193325043,-0.29494303464889526,0.0,1.0,0.0,0.0
-0.0359441377222538,-0.29494303464889526,0.0,1.0,0.0,0.0
-0.032831497490406036,-0.29494303464889526,0.0,1.0,0.0,0.0
-0.029562225565314293,-0.29494303464889526,0.0,1.0,0.0,0.0
-0.026567688211798668,-0.29494303464889526,0.0,1.0,0.0,0.0
-0.023426514118909836,-0.29494303464889526,0.0,1.0,0.0,0.0
-0.02028961107134819,-0.29494303464889526,0.0,1.0,0.0,0.0
-0.02353714033961296,-0.29494303464889526,1.0,0.0,0.0,0.0
-0.026562118902802467,-0.29494303464889526,1.0,0.0,0.0,0.0
-0.02978309616446495,-0.29494303464889526,1.0,0.0,0.0,0.0
-0.03282096982002258,-0.29494303464889526,1.0,0.0,0.0,0.0
-0.03595130890607834,-0.29494303464889526,1.0,0.0,0.0,0.0
-0.03909370303153992,-0.29494303464889526,1.0,0.0,0.0,0.0
-0.042229462414979935,-0.29494303464889526,1.0,0.0,0.0,0.0
-0.04535377398133278,-0.29494303464889526,1.0,0.0,0.0,0.0
-0.048479996621608734,-0.29494303464889526,1.0,0.0,0.0,0.0
-0.05163368210196495,-0.29494303464889526,1.0,0.0,0.0,0.0
-0.054757002741098404,-0.29494303464889526,1.0,0.0,0.0,0.0
-0.05788223445415497,-0.29494303464889526,1.0,0.0,0.0,0.0
-0.061015624552965164,-0.29494303464889526,1.0,0.0,0.0,0.0
-0.06415672600269318,-0.29494303464889526,1.0,0.0,0.0,0.0
-0.06745491176843643,-0.29494303464889526,1.0,0.0,0.0,0.0
-0.0704289972782135,-0.29494303464889526,1.0,0.0,0.0,0.0
-0.0704289972782135,-0.29494303464889526,1.0,0.0,0.0,0.0
-0.0704289972782135,-0.29494303464889526,1.0,0.0,0.0,0.0
-0.0704289972782135,-0.29494303464889526,1.0,0.0,0.0,0.0
-0.0704289972782135,-0.29494303464889526,1.0,0.0,0.0,0.0
-0.0704289972782135,-0.29494303464889526,1.0,0.0,0.0,0.0
-0.0704289972782135,-0.29494303464889526,1.0,0.0,0.0,0.0
-0.0704289972782135,-0.29494303464889526,1.0,0.0,0.0,0.0
-0.0704289972782135,-0.29494303464889526,1.0,0.0,0.0,0.0
-0.0704289972782135,-0.29494303464889526,1.0,0.0,0.0,0.0
-0.0704289972782135,-0.29494303464889526,1.0,0.0,0.0,0.0
-0.0704289972782135,-0.29494303464889526,1.0,0.0,0.0,0.0
-0.0704289972782135,-0.29494303464889526,1.0,0.0,0.0,0.0
-0.0704289972782135,-0.29494303464889526,1.0,0.0,0.0,0.0
-0.0704289972782135,-0.29494303464889526,1.0,0.0,0.0,0.0
-0.0704289972782135,-0.29494303464889526,1.0,0.0,0.0,0.0
-0.0704289972782135,-0.29494303464889526,1.0,0.0,0.0,0.0
-0.0704289972782135,-0.29494303464889526,1.0,0.0,0.0,0.0
-0.0704289972782135,-0.29494303464889526,1.0,0.0,0.0,0.0
-0.0704289972782135,-0.29494303464889526,1.0,0.0,0.0,0.0
-0.0704289972782135,-0.29494303464889526,1.0,0.0,0.0,0.0
-0.0704289972782135,-0.29494303464889526,1.0,0.0,0.0,0.0
-0.0704289972782135,-0.29494303464889526,1.0,0.0,0.0,0.0
-0.0704289972782135,-0.29494303464889526,1.0,0.0,0.0,0.0
-0.0704289972782135,-0.29494303464889526,1.0,0.0,0.0,0.0
-0.0704289972782135,-0.29494303464889526,1.0,0.0,0.0,0.0
-0.0704289972782135,-0.29494303464889526,1.0,0.0,0.0,0.0
-0.0704289972782135,-0.29494303464889526,1.0,0.0,0.0,0.0
-0.0704289972782135,-0.29494303464889526,1.0,0.0,0.0,0.0
-0.0704289972782135,-0.29494303464889526,1.0,0.0,0.0,0.0
-0.0704289972782135,-0.29494303464889526,1.0,0.0,0.0,0.0
-0.0704289972782135,-0.29494303464889526,1.0,0.0,0.0,0.0
-0.0704289972782135,-0.29494303464889526,1.0,0.0,0.0,0.0
-0.0704289972782135,-0.29494303464889526,1.0,0.0,0.0,0.0
-0.0704289972782135,-0.29494303464889526,1.0,0.0,0.0,0.0
-0.0704289972782135,-0.29494303464889526,1.0,0.0,0.0,0.0
-0.0704289972782135,-0.29494303464889526,1.0,0.0,0.0,0.0
-0.0704289972782135,-0.29494303464889526,1.0,0.0,0.0,0.0
-0.0704289972782135,-0.29494303464889526,1.0,0.0,0.0,0.0
-0.0704289972782135,-0.29494303464889526,1.0,0.0,0.0,0.0
-0.0704289972782135,-0.29494303464889526,1.0,0.0,0.0,0.0
-0.0704289972782135,-0.29494303464889526,1.0,0.0,0.0,0.0
-0.07042896002531052,-0.29494303464889526,1.0,0.0,0.0,0.0
-0.07042896002531052,-0.29494303464889526,1.0,0.0,0.0,0.0
-0.07042896002531052,-0.29494303464889526,1.0,0.0,0.0,0.0
-0.07042896002531052,-0.29494303464889526,1.0,0.0,0.0,0.0
-0.07042896002531052,-0.29494303464889526,1.0,0.0,0.0,0.0
-0.0704289972782135,-0.29494303464889526,1.0,0.0,0.0,0.0
-0.0704289972782135,-0.29494303464889526,1.0,0.0,0.0,0.0
-0.07042904198169708,-0.29494303464889526,1.0,0.0,0.0,0.0
-0.07042907923460007,-0.29494303464889526,1.0,0.0,0.0,0.0
-0.07042907923460007,-0.29494303464889526,1.0,0.0,0.0,0.0
-0.07042904198169708,-0.29494303464889526,1.0,0.0,0.0,0.0
-0.07042904198169708,-0.29494303464889526,1.0,0.0,0.0,0.0
-0.0704289972782135,-0.29494303464889526,1.0,0.0,0.0,0.0
-0.0704289972782135,-0.29494303464889526,1.0,0.0,0.0,0.0
-0.07042896002531052,-0.29494303464889526,1.0,0.0,0.0,0.0
-0.07042896002531052,-0.29494303464889526,1.0,0.0,0.0,0.0
-0.0704289972782135,-0.29494303464889526,1.0,0.0,0.0,0.0
-0.0704289972782135,-0.29494303464889526,1.0,0.0,0.0,0.0
-0.07042904198169708,-0.29494303464889526,1.0,0.0,0.0,0.0
-0.07042904198169708,-0.29494303464889526,1.0,0.0,0.0,0.0
-0.0704289972782135,-0.29494303464889526,1.0,0.0,0.0,0.0
-0.0704289972782135,-0.29494303464889526,1.0,0.0,0.0,0.0
-0.0704289972782135,-0.29494303464889526,1.0,0.0,0.0,0.0
-0.0704289972782135,-0.29494303464889526,1.0,0.0,0.0,0.0
-0.0704289972782135,-0.29494303464889526,1.0,0.0,0.0,0.0
-0.0704289972782135,-0.29494303464889526,1.0,0.0,0.0,0.0
-0.0704289972782135,-0.29494303464889526,1.0,0.0,0.0,0.0
-0.0704289972782135,-0.29494303464889526,1.0,0.0,0.0,0.0
-0.0704289972782135,-0.29494303464889526,1.0,0.0,0.0,0.0
-0.0704289972782135,-0.29494303464889526,1.0,0.0,0.0,0.0
-0.0704289972782135,-0.29494303464889526,1.0,0.0,0.0,0.0
-0.0704289972782135,-0.29494303464889526,1.0,0.0,0.0,0.0
-0.0704289972782135,-0.29494303464889526,1.0,0.0,0.0,0.0
-0.0704289972782135,-0.29494303464889526,1.0,0.0,0.0,0.0
-0.0704289972782135,-0.29494303464889526,1.0,0.0,0.0,0.0
-0.0704289972782135,-0.29494303464889526,1.0,0.0,0.0,0.0
-0.0704289972782135,-0.29494303464889526,1.0,0.0,0.0,0.0
-0.0704289972782135,-0.29494303464889526,1.0,0.0,0.0,0.0
-0.0704289972782135,-0.29494303464889526,1.0,0.0,0.0,0.0
-0.0704289972782135,-0.29494303464889526,1.0,0.0,0.0,0.0
-0.0704289972782135,-0.29494303464889526,1.0,0.0,0.0,0.0
-0.0704289972782135,-0.29494303464889526,1.0,0.0,0.0,0.0
-0.0704289972782135,-0.29494303464889526,1.0,0.0,0.0,0.0
-0.0704289972782135,-0.29494303464889526,1.0,0.0,0.0,0.0
-0.0704289972782135,-0.29494303464889526,1.0,0.0,0.0,0.0
-0.0704289972782135,-0.29494303464889526,1.0,0.0,0.0,0.0
-0.0704289972782135,-0.29494303464889526,1.0,0.0,0.0,0.0
-0.0704289972782135,-0.29494303464889526,1.0,0.0,0.0,0.0
-0.0704289972782135,-0.29494303464889526,1.0,0.0,0.0,0.0
-0.0704289972782135,-0.29494303464889526,1.0,0.0,0.0,0.0
-0.0704289972782135,-0.29494303464889526,1.0,0.0,0.0,0.0
-0.0704289972782135,-0.29494303464889526,1.0,0.0,0.0,0.0
-0.0704289972782135,-0.29494303464889526,1.0,0.0,0.0,0.0
-0.0704289972782135,-0.29494303464889526,1.0,0.0,0.0,0.0
-0.0704289972782135,-0.29494303464889526,1.0,0.0,0.0,0.0
-0.0704289972782135,-0.29494303464889526,1.0,0.0,0.0,0.0
-0.0704289972782135,-0.29494303464889526,1.0,0.0,0.0,0.0
-0.0704289972782135,-0.29494303464889526,1.0,0.0,0.0,0.0
-0.0704289972782135,-0.29494303464889526,1.0,0.0,0.0,0.0
-0.0704289972782135,-0.29494303464889526,1.0,0.0,0.0,0.0
-0.0704289972782135,-0.29494303464889526,1.0,0.0,0.0,0.0
-0.0704289972782135,-0.29494303464889526,1.0,0.0,0.0,0.0
-0.0704289972782135,-0.29494303464889526,1.0,0.0,0.0,0.0
-0.0704289972782135,-0.29494303464889526,1.0,0.0,0.0,0.0
-0.0704289972782135,-0.29494303464889526,1.0,0.0,0.0,0.0
-0.0704289972782135,-0.29494303464889526,1.0,0.0,0.0,0.0
-0.0704289972782135,-0.29494303464889526,1.0,0.0,0.0,0.0
-0.0704289972782135,-0.29494303464889526,1.0,0.0,0.0,0.0
-0.0704289972782135,-0.29494303464889526,1.0,0.0,0.0,0.0
-0.0704289972782135,-0.29494303464889526,1.0,0.0,0.0,0.0
-0.0704289972782135,-0.29494303464889526,1.0,0.0,0.0,0.0
-0.0704289972782135,-0.29494303464889526,1.0,0.0,0.0,0.0
-0.0704289972782135,-0.29494303464889526,1.0,0.0,0.0,0.0
-0.0704289972782135,-0.29494303464889526,1.0,0.0,0.0,0.0
-0.0704289972782135,-0.29494303464889526,1.0,0.0,0.0,0.0
-0.0704289972782135,-0.29494303464889526,1.0,0.0,0.0,0.0
-0.0704289972782135,-0.29494303464889526,1.0,0.0,0.0,0.0
-0.0704289972782135,-0.29494303464889526,1.0,0.0,0.0,0.0
-0.0704289972782135,-0.29494303464889526,1.0,0.0,0.0,0.0
-0.0704289972782135,-0.29494303464889526,1.0,0.0,0.0,0.0
-0.0704289972782135,-0.29494303464889526,1.0,0.0,0.0,0.0
-0.0704289972782135,-0.29494303464889526,1.0,0.0,0.0,0.0
-0.0704289972782135,-0.29494303464889526,1.0,0.0,0.0,0.0
-0.0704289972782135,-0.29494303464889526,1.0,0.0,0.0,0.0
-0.0704289972782135,-0.29494303464889526,1.0,0.0,0.0,0.0
-0.0704289972782135,-0.29494303464889526,1.0,0.0,0.0,0.0
-0.0704289972782135,-0.29494303464889526,1.0,0.0,0.0,0.0
-0.0704289972782135,-0.29494303464889526,1.0,0.0,0.0,0.0
-0.0704289972782135,-0.29494303464889526,1.0,0.0,0.0,0.0
-0.0704289972782135,-0.29494303464889526,1.0,0.0,0.0,0.0
-0.0704289972782135,-0.29494303464889526,1.0,0.0,0.0,0.0
-0.0704289972782135,-0.29494303464889526,1.0,0.0,0.0,0.0
-0.0704289972782135,-0.29494303464889526,1.0,0.0,0.0,0.0
-0.0704289972782135,-0.29494303464889526,1.0,0.0,0.0,0.0
-0.0704289972782135,-0.29494303464889526,1.0,0.0,0.0,0.0
-0.0704289972782135,-0.29494303464889526,1.0,0.0,0.0,0.0
-0.0704289972782135,-0.29494303464889526,1.0,0.0,0.0,0.0
-0.0704289972782135,-0.29494303464889526,1.0,0.0,0.0,0.0
-0.0704289972782135,-0.29494303464889526,1.0,0.0,0.0,0.0
-0.0704289972782135,-0.29494303464889526,1.0,0.0,0.0,0.0
-0.0704289972782135,-0.29494303464889526,1.0,0.0,0.0,0.0
-0.0704289972782135,-0.29494303464889526,1.0,0.0,0.0,0.0
-0.0704289972782135,-0.29494303464889526,1.0,0.0,0.0,0.0
-0.07042898237705231,-0.29494303464889526,1.0,0.0,0.0,0.0
-0.0704289972782135,-0.29494303464889526,1.0,0.0,0.0,0.0
-0.07042901962995529,-0.29494303464889526,1.0,0.0,0.0,0.0
-0.07042904198169708,-0.29494303464889526,1.0,0.0,0.0,0.0
-0.07042905688285828,-0.29494303464889526,1.0,0.0,0.0,0.0
-0.07042904198169708,-0.29494303464889526,1.0,0.0,0.0,0.0
-0.07042904198169708,-0.29494303464889526,1.0,0.0,0.0,0.0
-0.07042904198169708,-0.29494303464889526,1.0,0.0,0.0,0.0
-0.07042901962995529,-0.29494303464889526,1.0,0.0,0.0,0.0
-0.07042901962995529,-0.29494303464889526,1.0,0.0,0.0,0.0
-0.07042901962995529,-0.29494303464889526,1.0,0.0,0.0,0.0
-0.07042901962995529,-0.29494303464889526,1.0,0.0,0.0,0.0
-0.0704289972782135,-0.29494303464889526,1.0,0.0,0.0,0.0
-0.0704289972782135,-0.29494303464889526,1.0,0.0,0.0,0.0
-0.0704289972782135,-0.29494303464889526,1.0,0.0,0.0,0.0
-0.0704289972782135,-0.29494303464889526,1.0,0.0,0.0,0.0
-0.0704289972782135,-0.29494303464889526,1.0,0.0,0.0,0.0
-0.07042898237705231,-0.29494303464889526,1.0,0.0,0.0,0.0
-0.07042896002531052,-0.29494303464889526,1.0,0.0,0.0,0.0
-0.07042896002531052,-0.29494303464889526,1.0,0.0,0.0,0.0
-0.07042898237705231,-0.29494303464889526,1.0,0.0,0.0,0.0
-0.0704289972782135,-0.29494303464889526,1.0,0.0,0.0,0.0
-0.0704289972782135,-0.29494303464889526,1.0,0.0,0.0,0.0
-0.0704289972782135,-0.29494303464889526,1.0,0.0,0.0,0.0
-0.0704289972782135,-0.29494303464889526,1.0,0.0,0.0,0.0
-0.0704289972782135,-0.29494303464889526,1.0,0.0,0.0,0.0
-0.0704289972782135,-0.29494303464889526,1.0,0.0,0.0,0.0
-0.0704289972782135,-0.29494303464889526,1.0,0.0,0.0,0.0
-0.0704289972782135,-0.29494303464889526,1.0,0.0,0.0,0.0
-0.0704289972782135,-0.29494303464889526,1.0,0.0,0.0,0.0
-0.0704289972782135,-0.29494303464889526,1.0,0.0,0.0,0.0
-0.0704289972782135,-0.29494303464889526,1.0,0.0,0.0,0.0
-0.0704289972782135,-0.29494303464889526,1.0,0.0,0.0,0.0
-0.0704289972782135,-0.29494303464889526,1.0,0.0,0.0,0.0
-0.0704289972782135,-0.29494303464889526,1.0,0.0,0.0,0.0
-0.0704289972782135,-0.29494303464889526,1.0,0.0,0.0,0.0
-0.07670024782419205,-0.29494303464889526,1.0,0.0,0.0,0.0
-0.08294334262609482,-0.29494303464889526,1.0,0.0,0.0,0.0
-0.08919674158096313,-0.29494303464889526,1.0,0.0,0.0,0.0
-0.09549621492624283,-0.29494303464889526,1.0,0.0,0.0,0.0
-0.10196662694215775,-0.29494303464889526,1.0,0.0,0.0,0.0
-0.10805343836545944,-0.29494303464889526,1.0,0.0,0.0,0.0
-0.11427051573991776,-0.29494303464889526,1.0,0.0,0.0,0.0
-0.12055934965610504,-0.29494303464889526,1.0,0.0,0.0,0.0
-0.12681537866592407,-0.29494303464889526,1.0,0.0,0.0,0.0
-0.13307160139083862,-0.29494303464889526,1.0,0.0,0.0,0.0
-0.13941974937915802,-0.29494303464889526,1.0,0.0,0.0,0.0
-0.14563435316085815,-0.29494303464889526,1.0,0.0,0.0,0.0
-0.15189816057682037,-0.29494303464889526,1.0,0.0,0.0,0.0
-0.15815669298171997,-0.29494303464889526,1.0,0.0,0.0,0.0
-0.16444431245326996,-0.29494303464889526,1.0,0.0,0.0,0.0
-0.17072968184947968,-0.29494303464889526,1.0,0.0,0.0,0.0
-0.17696332931518555,-0.29494303464889526,1.0,0.0,0.0,0.0
-0.1832304745912552,-0.29494303464889526,1.0,0.0,0.0,0.0
-0.18949781358242035,-0.29494303464889526,1.0,0.0,0.0,0.0
-0.19576412439346313,-0.29494303464889526,1.0,0.0,0.0,0.0
-0.19576412439346313,-0.29494303464889526,0.0,1.0,0.0,0.0
-0.19576412439346313,-0.29494303464889526,0.0,1.0,0.0,0.0
-0.19576412439346313,-0.29494303464889526,0.0,1.0,0.0,0.0
-0.19576412439346313,-0.29494303464889526,0.0,1.0,0.0,0.0
-0.19576412439346313,-0.29494303464889526,0.0,1.0,0.0,0.0
-0.19576412439346313,-0.29494303464889526,0.0,1.0,0.0,0.0
-0.19576413929462433,-0.29494303464889526,0.0,1.0,0.0,0.0
-0.19576413929462433,-0.29494303464889526,0.0,1.0,0.0,0.0
-0.19576412439346313,-0.29494303464889526,0.0,1.0,0.0,0.0
-0.19576412439346313,-0.29494303464889526,0.0,1.0,0.0,0.0
-0.19576410949230194,-0.29494303464889526,0.0,1.0,0.0,0.0
-0.19576412439346313,-0.29494303464889526,0.0,1.0,0.0,0.0
-0.19576410949230194,-0.29494303464889526,0.0,1.0,0.0,0.0
-0.19576410949230194,-0.29494303464889526,0.0,1.0,0.0,0.0
-0.19576410949230194,-0.29494303464889526,0.0,1.0,0.0,0.0
-0.19576412439346313,-0.29494303464889526,0.0,1.0,0.0,0.0
-0.19576412439346313,-0.29494303464889526,0.0,1.0,0.0,0.0
-0.19576413929462433,-0.29494303464889526,0.0,1.0,0.0,0.0
-0.19576413929462433,-0.29494303464889526,0.0,1.0,0.0,0.0
-0.19576413929462433,-0.29494303464889526,0.0,1.0,0.0,0.0
-0.19576415419578552,-0.29494303464889526,0.0,1.0,0.0,0.0
-0.1957641839981079,-0.29494303464889526,0.0,1.0,0.0,0.0
-0.1967349797487259,-0.2911930978298187,0.0,1.0,0.0,1.0
-0.1976102590560913,-0.28781211376190186,0.0,1.0,0.0,1.0
-0.19853301346302032,-0.28424781560897827,0.0,1.0,0.0,1.0
-0.19946804642677307,-0.2806360423564911,0.0,1.0,0.0,1.0
-0.20039238035678864,-0.27706554532051086,0.0,1.0,0.0,1.0
-0.20128220319747925,-0.2736284136772156,0.0,1.0,0.0,1.0
-0.202201247215271,-0.27007827162742615,0.0,1.0,0.0,1.0
-0.2022012323141098,-0.27007827162742615,0.0,1.0,0.0,0.0
-0.2022012323141098,-0.27007827162742615,0.0,1.0,0.0,0.0
-0.2022012174129486,-0.27007827162742615,0.0,1.0,0.0,0.0
-0.20220118761062622,-0.27007827162742615,0.0,1.0,0.0,0.0
-0.2022012174129486,-0.27007827162742615,0.0,1.0,0.0,0.0
-0.2022012174129486,-0.27007827162742615,0.0,1.0,0.0,0.0
-0.2022012174129486,-0.27007827162742615,0.0,1.0,0.0,0.0
-0.2022012174129486,-0.27007827162742615,0.0,1.0,0.0,0.0
-0.2022012323141098,-0.27007827162742615,0.0,1.0,0.0,0.0
-0.2022012174129486,-0.27007827162742615,0.0,1.0,0.0,0.0
-0.2022012174129486,-0.27007827162742615,0.0,1.0,0.0,0.0
-0.2022012174129486,-0.27007827162742615,0.0,1.0,0.0,0.0
-0.2022012174129486,-0.27007827162742615,0.0,1.0,0.0,0.0
-0.2022012323141098,-0.27007827162742615,0.0,1.0,0.0,0.0
-0.2022012174129486,-0.27007827162742615,0.0,1.0,0.0,0.0
-0.2022012323141098,-0.27007827162742615,0.0,1.0,0.0,0.0
-0.2022012323141098,-0.27007827162742615,0.0,1.0,0.0,0.0
-0.2022012323141098,-0.27007827162742615,0.0,1.0,0.0,0.0
-0.202201247215271,-0.27007827162742615,0.0,1.0,0.0,0.0
-0.2022012323141098,-0.27007827162742615,0.0,1.0,0.0,0.0
-0.2022012323141098,-0.27007827162742615,0.0,1.0,0.0,0.0
-0.202201247215271,-0.27007827162742615,0.0,1.0,0.0,0.0
-0.20220127701759338,-0.27007827162742615,0.0,1.0,0.0,0.0
-0.20315809547901154,-0.2663823366165161,0.0,1.0,0.0,1.0
-0.20403547585010529,-0.2629932761192322,0.0,1.0,0.0,1.0
-0.20496250689029694,-0.2594124376773834,0.0,1.0,0.0,1.0
-0.2058688998222351,-0.25591138005256653,0.0,1.0,0.0,1.0
-0.20678678154945374,-0.2523658573627472,0.0,1.0,0.0,1.0
-0.20771129429340363,-0.2487947642803192,0.0,1.0,0.0,1.0
-0.20862707495689392,-0.2452574521303177,0.0,1.0,0.0,1.0
-0.20954486727714539,-0.24171218276023865,0.0,1.0,0.0,1.0
-0.21046067774295807,-0.2381746768951416,0.0,1.0,0.0,1.0
-0.21137996017932892,-0.2346237152814865,0.0,1.0,0.0,1.0
-0.212295264005661,-0.23108825087547302,0.0,1.0,0.0,1.0
-0.2132173478603363,-0.2275264859199524,0.0,1.0,0.0,1.0
-0.21413211524486542,-0.22399304807186127,0.0,1.0,0.0,1.0
-0.21504859626293182,-0.22045287489891052,0.0,1.0,0.0,1.0
-0.2159775197505951,-0.21686486899852753,0.0,1.0,0.0,1.0
-0.21689102053642273,-0.21333618462085724,0.0,1.0,0.0,1.0
-0.21780258417129517,-0.2098151296377182,0.0,1.0,0.0,1.0
-0.21872229874134064,-0.20626257359981537,0.0,1.0,0.0,1.0
-0.21968670189380646,-0.20253735780715942,0.0,1.0,0.0,1.0
-0.22055618464946747,-0.19917871057987213,0.0,1.0,0.0,1.0
-0.22147499024868011,-0.19562970101833344,0.0,1.0,0.0,1.0
-0.2224452942609787,-0.19188177585601807,0.0,1.0,0.0,1.0
-0.2233106940984726,-0.1885388195514679,0.0,1.0,0.0,1.0
-0.22427470982074738,-0.1848151832818985,0.0,1.0,0.0,1.0
-0.22515243291854858,-0.18142487108707428,0.0,1.0,0.0,1.0
-0.22606438398361206,-0.1779022216796875,0.0,1.0,0.0,1.0
-0.22698067128658295,-0.17436285316944122,0.0,1.0,0.0,1.0
-0.227900892496109,-0.17080828547477722,0.0,1.0,0.0,1.0
-0.22881649434566498,-0.16727153956890106,0.0,1.0,0.0,1.0
-0.22973427176475525,-0.16372643411159515,0.0,1.0,0.0,1.0
-0.23066014051437378,-0.16015002131462097,0.0,1.0,0.0,1.0
-0.23157112300395966,-0.15663109719753265,0.0,1.0,0.0,1.0
-0.23248840868473053,-0.15308788418769836,0.0,1.0,0.0,1.0
-0.23341071605682373,-0.14952526986598969,0.0,1.0,0.0,1.0
-0.23432433605194092,-0.14599615335464478,0.0,1.0,0.0,1.0
-0.2352423518896103,-0.14245007932186127,0.0,1.0,0.0,1.0
-0.23616135120391846,-0.13890014588832855,0.0,1.0,0.0,1.0
-0.23616135120391846,-0.13890014588832855,0.0,1.0,0.0,0.0
-0.23616135120391846,-0.13890014588832855,0.0,1.0,0.0,0.0
-0.23616135120391846,-0.13890014588832855,0.0,1.0,0.0,0.0
-0.23616135120391846,-0.13890014588832855,0.0,1.0,0.0,0.0
-0.23616135120391846,-0.13890014588832855,0.0,1.0,0.0,0.0
-0.23616135120391846,-0.13890014588832855,0.0,1.0,0.0,0.0
-0.23616135120391846,-0.13890014588832855,0.0,1.0,0.0,0.0
