null,null,null
-0.17382186651229858,0.0,1.0
-0.17529788613319397,0.0,1.0
-0.17706634104251862,0.0,1.0
-0.1782979667186737,0.0,1.0
-0.17976775765419006,0.0,1.0
-0.18117599189281464,0.0,1.0
-0.18262454867362976,0.0,1.0
-0.18416409194469452,0.0,1.0
-0.18556228280067444,0.0,1.0
-0.18704544007778168,0.0,1.0
-0.18851031363010406,0.0,1.0
-0.19004181027412415,0.0,1.0
-0.19151128828525543,0.0,1.0
-0.19292737543582916,0.0,1.0
-0.19438858330249786,0.0,1.0
-0.19584952294826508,0.0,1.0
-0.19733402132987976,0.0,1.0
-0.19885873794555664,0.0,1.0
-0.2003454864025116,0.0,1.0
-0.20232388377189636,0.0,1.0
-0.19752173125743866,0.0,1.0
-0.19197067618370056,0.0,1.0
-0.18639971315860748,0.0,1.0
-0.1807776838541031,0.0,1.0
-0.17507141828536987,0.0,1.0
-0.16950452327728271,0.0,1.0
-0.16395913064479828,0.0,1.0
-0.15803754329681396,0.0,1.0
-0.15278281271457672,0.0,1.0
-0.14728954434394836,0.0,1.0
-0.1413038969039917,0.0,1.0
-0.1360214501619339,0.0,1.0
-0.1304350346326828,0.0,1.0
-0.12466748058795929,0.0,1.0
-0.11899954080581665,0.0,1.0
-0.11343713104724884,0.0,1.0
-0.10778173804283142,0.0,1.0
-0.10251419246196747,0.0,1.0
0.4366671144962311,1.0,0.0
0.438032865524292,1.0,0.0
0.4395693242549896,1.0,0.0
0.4395691752433777,1.0,0.0
0.43956902623176575,1.0,0.0
0.4395688474178314,1.0,0.0
0.4395686686038971,1.0,0.0
0.43956848978996277,1.0,0.0
0.43956834077835083,1.0,0.0
0.4395681619644165,1.0,0.0
0.514716386795044,0.0,1.0
0.525320291519165,0.0,1.0
0.5334928035736084,0.0,1.0
0.5412426590919495,0.0,1.0
0.5493575930595398,0.0,1.0
0.5574827790260315,0.0,1.0
0.5656406283378601,0.0,1.0
0.573988676071167,0.0,1.0
0.5819420218467712,0.0,1.0
0.5900816917419434,0.0,1.0
0.5982431769371033,0.0,1.0
0.6069214940071106,0.0,1.0
0.6284042596817017,1.0,0.0
0.6279960870742798,1.0,0.0
0.6275917887687683,1.0,0.0
0.6271750926971436,1.0,0.0
0.6267822980880737,1.0,0.0
0.6263750791549683,1.0,0.0
0.6259699463844299,1.0,0.0
0.6255608797073364,1.0,0.0
0.6251298189163208,1.0,0.0
0.6247493028640747,1.0,0.0
0.6243411898612976,1.0,0.0
0.623914361000061,1.0,0.0
0.6235306262969971,1.0,0.0
0.6231249570846558,1.0,0.0
0.6227167248725891,1.0,0.0
0.622313916683197,1.0,0.0
0.6219033598899841,1.0,0.0
0.6214849948883057,1.0,0.0
0.6210589408874512,1.0,0.0
0.6206881999969482,1.0,0.0
0.620280921459198,1.0,0.0
0.6198517084121704,1.0,0.0
0.6194701790809631,1.0,0.0
0.6190599203109741,1.0,0.0
0.6186414361000061,1.0,0.0
0.6182500123977661,1.0,0.0
0.617822527885437,1.0,0.0
0.617304801940918,1.0,0.0
0.6145356297492981,1.0,0.0
0.6112266778945923,1.0,0.0
0.6077073216438293,1.0,0.0
0.6042985320091248,1.0,0.0
0.6007376313209534,1.0,0.0
0.5968829989433289,1.0,0.0
0.5936219096183777,1.0,0.0
0.5901554226875305,1.0,0.0
0.5865529179573059,1.0,0.0
0.5830179452896118,1.0,0.0
0.5794783234596252,1.0,0.0
0.575876772403717,1.0,0.0
0.5723835229873657,1.0,0.0
0.5688207745552063,1.0,0.0
0.5652821063995361,1.0,0.0
0.5570961833000183,1.0,0.0
0.5489328503608704,1.0,0.0
0.5404309034347534,1.0,0.0
0.5322726368904114,1.0,0.0
0.524627685546875,1.0,0.0
0.5165294408798218,1.0,0.0
0.5081541538238525,1.0,0.0
0.49885088205337524,1.0,0.0
0.49189430475234985,1.0,0.0
0.4815918803215027,1.0,0.0
0.4758068919181824,1.0,0.0
0.4675968885421753,1.0,0.0
0.4594952464103699,1.0,0.0
0.4513608515262604,1.0,0.0
0.4432832896709442,1.0,0.0
0.4351619780063629,1.0,0.0
0.42694833874702454,1.0,0.0
0.4188479483127594,1.0,0.0
0.4107621908187866,1.0,0.0
0.4023399353027344,1.0,0.0
0.39452704787254333,1.0,0.0
0.3862650692462921,1.0,0.0
0.37781405448913574,1.0,0.0
0.37011346220970154,1.0,0.0
0.3616621792316437,1.0,0.0
0.35380688309669495,1.0,0.0
0.34566646814346313,1.0,0.0
0.3374868631362915,1.0,0.0
0.3294307291507721,1.0,0.0
0.3212912678718567,1.0,0.0
0.31297001242637634,1.0,0.0
0.3046860992908478,1.0,0.0
0.2946086525917053,1.0,0.0
0.28873077034950256,1.0,0.0
0.28063878417015076,1.0,0.0
0.27256903052330017,1.0,0.0
0.26382672786712646,1.0,0.0
0.25626105070114136,1.0,0.0
0.2481403946876526,1.0,0.0
0.2399684637784958,1.0,0.0
0.2317866086959839,1.0,0.0
0.22332775592803955,1.0,0.0
0.21558180451393127,1.0,0.0
0.20748001337051392,1.0,0.0
0.1993381232023239,1.0,0.0
0.19114728271961212,1.0,0.0
0.1829531043767929,1.0,0.0
0.17437298595905304,1.0,0.0
0.1666376292705536,1.0,0.0
0.15823997557163239,1.0,0.0
0.149998739361763,1.0,0.0
0.14180594682693481,1.0,0.0
0.1338539570569992,1.0,0.0
0.12557938694953918,1.0,0.0
0.11745716631412506,1.0,0.0
0.10984280705451965,1.0,0.0
0.1425885558128357,1.0,0.0
0.14328618347644806,1.0,0.0
0.14400166273117065,1.0,0.0
0.14472278952598572,1.0,0.0
0.14544051885604858,1.0,0.0
0.14634832739830017,1.0,0.0
0.1468685120344162,1.0,0.0
0.1475793421268463,1.0,0.0
0.1482965052127838,1.0,0.0
0.14904692769050598,1.0,0.0
0.1497267335653305,1.0,0.0
0.15048383176326752,1.0,0.0
0.151156947016716,1.0,0.0
0.1518716663122177,1.0,0.0
0.15258558094501495,1.0,0.0
0.1533026397228241,1.0,0.0
0.1540132761001587,1.0,0.0
0.1547364741563797,1.0,0.0
0.1554485559463501,1.0,0.0
0.15615923702716827,1.0,0.0
0.15688034892082214,1.0,0.0
0.15759019553661346,1.0,0.0
0.15912441909313202,1.0,0.0
0.1606060415506363,1.0,0.0
0.16209550201892853,1.0,0.0
0.16349492967128754,1.0,0.0
0.16497264802455902,1.0,0.0
0.16640791296958923,1.0,0.0
0.1678674817085266,1.0,0.0
0.16979151964187622,1.0,0.0
0.17108981311321259,1.0,0.0
0.17234690487384796,1.0,0.0
0.17374545335769653,1.0,0.0
0.1651621311903,1.0,0.0
0.15617038309574127,1.0,0.0
0.14803890883922577,1.0,0.0
0.13897612690925598,1.0,0.0
0.130629301071167,1.0,0.0
0.12244816869497299,1.0,0.0
0.11354579776525497,1.0,0.0
0.1052561029791832,1.0,0.0
-0.4000000059604645,0.0,1.0
-0.401498943567276,0.0,1.0
-0.40289026498794556,0.0,1.0
-0.40443170070648193,0.0,1.0
-0.40593406558036804,0.0,1.0
-0.407398521900177,0.0,1.0
-0.4087987244129181,0.0,1.0
-0.4102867543697357,0.0,1.0
-0.4118223488330841,0.0,1.0
-0.4131985008716583,0.0,1.0
-0.40948474407196045,0.0,1.0
-0.4059150218963623,0.0,1.0
-0.4024038314819336,0.0,1.0
-0.3988172709941864,0.0,1.0
-0.3952280282974243,0.0,1.0
-0.39180612564086914,0.0,1.0
-0.3883956968784332,0.0,1.0
-0.38476863503456116,0.0,1.0
-0.3811739683151245,0.0,1.0
-0.37772318720817566,0.0,1.0
-0.37420085072517395,0.0,1.0
-0.3704407513141632,0.0,1.0
-0.36713188886642456,0.0,1.0
-0.3635689616203308,0.0,1.0
-0.360027015209198,0.0,1.0
-0.35630160570144653,0.0,1.0
-0.35274070501327515,0.0,1.0
-0.3493868410587311,0.0,1.0
-0.34585100412368774,0.0,1.0
-0.3423018157482147,0.0,1.0
-0.33855995535850525,0.0,1.0
-0.33499374985694885,0.0,1.0
-0.33166244626045227,0.0,1.0
-0.32813650369644165,0.0,1.0
-0.3245362639427185,0.0,1.0
-0.32081344723701477,0.0,1.0
-0.31745654344558716,0.0,1.0
-0.3139379918575287,0.0,1.0
-0.31040918827056885,0.0,1.0
-0.306868314743042,0.0,1.0
-0.3031981587409973,0.0,1.0
-0.2997770607471466,0.0,1.0
-0.2961024343967438,0.0,1.0
-0.29258963465690613,0.0,1.0
-0.289149671792984,0.0,1.0
-0.2853867709636688,0.0,1.0
-0.28203532099723816,0.0,1.0
-0.2785078287124634,0.0,1.0
-0.27491241693496704,0.0,1.0
-0.27112650871276855,0.0,1.0
-0.2678375244140625,0.0,1.0
-0.2643114924430847,0.0,1.0
-0.26076799631118774,0.0,1.0
-0.2572419345378876,0.0,1.0
-0.4000000059604645,0.0,1.0
-0.3964707553386688,0.0,1.0
-0.3929043412208557,0.0,1.0
-0.3893451392650604,0.0,1.0
-0.38576871156692505,0.0,1.0
-0.3822421133518219,0.0,1.0
-0.3787066340446472,0.0,1.0
-0.3751654028892517,0.0,1.0
-0.37162432074546814,0.0,1.0
-0.3680930435657501,0.0,1.0
-0.36454686522483826,0.0,1.0
-0.3608666658401489,0.0,1.0
-0.35743284225463867,0.0,1.0
-0.3537042737007141,0.0,1.0
-0.35036298632621765,0.0,1.0
-0.346755713224411,0.0,1.0
-0.34327971935272217,0.0,1.0
-0.33972135186195374,0.0,1.0
-0.33618518710136414,0.0,1.0
-0.33246156573295593,0.0,1.0
-0.32886019349098206,0.0,1.0
-0.3254794180393219,0.0,1.0
-0.3220052123069763,0.0,1.0
-0.31844910979270935,0.0,1.0
-0.31490010023117065,0.0,1.0
-0.3142542839050293,0.0,1.0
-0.3135971426963806,0.0,1.0
-0.31293371319770813,0.0,1.0
-0.3122747540473938,0.0,1.0
-0.31163346767425537,0.0,1.0
-0.3110042214393616,0.0,1.0
-0.3103545904159546,0.0,1.0
-0.3097003400325775,0.0,1.0
-0.309053510427475,0.0,1.0
-0.3084090054035187,0.0,1.0
-0.3077559173107147,0.0,1.0
-0.30711522698402405,0.0,1.0
-0.3064640760421753,0.0,1.0
-0.30581289529800415,0.0,1.0
-0.30516213178634644,0.0,1.0
-0.3040088415145874,0.0,1.0
-0.2996666431427002,0.0,1.0
-0.2961371839046478,0.0,1.0
-0.292586088180542,0.0,1.0
-0.2890288233757019,0.0,1.0
-0.2855031490325928,0.0,1.0
-0.28190484642982483,0.0,1.0
-0.2769099473953247,0.0,1.0
-0.27316272258758545,0.0,1.0
-0.2698642909526825,0.0,1.0
-0.2663038671016693,0.0,1.0
-0.26277533173561096,0.0,1.0
-0.2592093348503113,0.0,1.0
0.4000000059604645,0.0,1.0
0.40340539813041687,0.0,1.0
0.40695032477378845,0.0,1.0
0.4104979932308197,0.0,1.0
0.4142528772354126,0.0,1.0
0.4176044166088104,0.0,1.0
0.42117181420326233,0.0,1.0
0.42472320795059204,0.0,1.0
0.42828473448753357,0.0,1.0
0.4318479597568512,0.0,1.0
0.4353630244731903,0.0,1.0
0.43888935446739197,0.0,1.0
0.4424341917037964,0.0,1.0
0.4459860920906067,0.0,1.0
0.3503236770629883,1.0,0.0
0.340934157371521,1.0,0.0
0.3006642460823059,1.0,0.0
0.2911664843559265,1.0,0.0
0.28119590878486633,1.0,0.0
0.2711462378501892,1.0,0.0
0.2609633505344391,1.0,0.0
0.4000000059604645,1.0,0.0
0.39002981781959534,1.0,0.0
0.37992799282073975,1.0,0.0
0.36997950077056885,1.0,0.0
0.35990774631500244,1.0,0.0
0.34951215982437134,1.0,0.0
0.33981695771217346,1.0,0.0
0.3297725021839142,1.0,0.0
0.31971585750579834,1.0,0.0
0.3098272979259491,1.0,0.0
0.2997823655605316,1.0,0.0
0.2897041440010071,1.0,0.0
0.2796805799007416,1.0,0.0
0.2696223556995392,1.0,0.0
0.2596282958984375,1.0,0.0
0.24963827431201935,1.0,0.0
0.23957422375679016,1.0,0.0
0.22957690060138702,1.0,0.0
0.2195204198360443,1.0,0.0
0.1986914724111557,1.0,0.0
0.18940630555152893,1.0,0.0
0.17942914366722107,1.0,0.0
0.1693911999464035,1.0,0.0
0.1593649536371231,1.0,0.0
0.14939120411872864,1.0,0.0
0.14076372981071472,1.0,0.0
0.13225680589675903,1.0,0.0
0.12362350523471832,1.0,0.0
0.1174878254532814,1.0,0.0
0.1114770844578743,1.0,0.0
0.10584304481744766,1.0,0.0
-0.10152173042297363,0.0,1.0
-0.10290606319904327,0.0,1.0
-0.10448168963193893,0.0,1.0
-0.10583111643791199,0.0,1.0
-0.10728393495082855,0.0,1.0
-0.10874572396278381,0.0,1.0
-0.11021813750267029,0.0,1.0
-0.1116771250963211,0.0,1.0
-0.11315508931875229,0.0,1.0
-0.11468768119812012,0.0,1.0
-0.11606378108263016,0.0,1.0
-0.11756396293640137,0.0,1.0
-0.11899639666080475,0.0,1.0
-0.12044787406921387,0.0,1.0
-0.1219191923737526,0.0,1.0
-0.12337981909513474,0.0,1.0
-0.12484362721443176,0.0,1.0
-0.12630634009838104,0.0,1.0
-0.12785248458385468,0.0,1.0
-0.12923571467399597,0.0,1.0
-0.13072344660758972,0.0,1.0
-0.13214856386184692,0.0,1.0
-0.13362030684947968,0.0,1.0
-0.13507269322872162,0.0,1.0
-0.13662609457969666,0.0,1.0
-0.13799798488616943,0.0,1.0
-0.1394685059785843,0.0,1.0
-0.14094074070453644,0.0,1.0
-0.1374213844537735,0.0,1.0
-0.13390204310417175,0.0,1.0
-0.13014526665210724,0.0,1.0
-0.1265646368265152,0.0,1.0
-0.12326318025588989,0.0,1.0
-0.11968939006328583,0.0,1.0
-0.11615142971277237,0.0,1.0
-0.11248700320720673,0.0,1.0
-0.10886822640895844,0.0,1.0
-0.1055140346288681,0.0,1.0
-0.10198938101530075,0.0,1.0
0.12592804431915283,1.0,0.0
0.1273120790719986,1.0,0.0
0.12883880734443665,1.0,0.0
0.13025164604187012,1.0,0.0
0.1317206472158432,1.0,0.0
0.1331799328327179,1.0,0.0
0.13465441763401031,1.0,0.0
0.13612133264541626,1.0,0.0
0.13759289681911469,1.0,0.0
0.13916857540607452,1.0,0.0
0.14053551852703094,1.0,0.0
0.1419932246208191,1.0,0.0
0.14347070455551147,1.0,0.0
0.14493554830551147,1.0,0.0
0.14640021324157715,1.0,0.0
0.14786969125270844,1.0,0.0
0.14933855831623077,1.0,0.0
0.15088140964508057,1.0,0.0
0.15231096744537354,1.0,0.0
0.15374860167503357,1.0,0.0
0.15520885586738586,1.0,0.0
0.1566823422908783,1.0,0.0
0.15815198421478271,1.0,0.0
0.15961243212223053,1.0,0.0
0.161101832985878,1.0,0.0
0.16261602938175201,1.0,0.0
0.16401565074920654,1.0,0.0
0.16549932956695557,1.0,0.0
0.16696743667125702,1.0,0.0
0.1684221774339676,1.0,0.0
0.16996948421001434,1.0,0.0
0.1713680773973465,1.0,0.0
0.1628585159778595,1.0,0.0
0.15425732731819153,1.0,0.0
0.14570263028144836,1.0,0.0
0.13688187301158905,1.0,0.0
0.12856915593147278,1.0,0.0
0.11949154734611511,1.0,0.0
0.11150799691677094,1.0,0.0
0.10286596417427063,1.0,0.0
-0.10140704363584518,0.0,1.0
-0.10286211967468262,0.0,1.0
-0.104330874979496,0.0,1.0
-0.10580700635910034,0.0,1.0
-0.10727789252996445,0.0,1.0
-0.10879522562026978,0.0,1.0
-0.11021307110786438,0.0,1.0
-0.11167743057012558,0.0,1.0
-0.11313946545124054,0.0,1.0
-0.11461694538593292,0.0,1.0
-0.11607830971479416,0.0,1.0
-0.1175910010933876,0.0,1.0
-0.11908404529094696,0.0,1.0
-0.11568200588226318,0.0,1.0
-0.11211957037448883,0.0,1.0
-0.10845538228750229,0.0,1.0
-0.1050405278801918,0.0,1.0
0.2166413515806198,1.0,0.0
0.21810953319072723,1.0,0.0
0.21956747770309448,1.0,0.0
0.22098764777183533,1.0,0.0
0.22248296439647675,1.0,0.0
0.22381967306137085,1.0,0.0
0.2252214401960373,1.0,0.0
0.22662758827209473,1.0,0.0
0.22804968059062958,1.0,0.0
0.2294555902481079,1.0,0.0
0.23087625205516815,1.0,0.0
0.23229330778121948,1.0,0.0
0.23369064927101135,1.0,0.0
0.23516280949115753,1.0,0.0
0.23658083379268646,1.0,0.0
0.23792508244514465,1.0,0.0
0.23933902382850647,1.0,0.0
0.24074743688106537,1.0,0.0
0.24215197563171387,1.0,0.0
0.24357645213603973,1.0,0.0
0.24497516453266144,1.0,0.0
0.2464647889137268,1.0,0.0
0.24781140685081482,1.0,0.0
0.2492159754037857,1.0,0.0
0.2506301999092102,1.0,0.0
0.2520448565483093,1.0,0.0
0.25345537066459656,1.0,0.0
0.2548644542694092,1.0,0.0
0.25627362728118896,1.0,0.0
0.25769034028053284,1.0,0.0
0.25910186767578125,1.0,0.0
0.26050421595573425,1.0,0.0
0.26191815733909607,1.0,0.0
0.2633339762687683,1.0,0.0
0.2647365629673004,1.0,0.0
0.2661624848842621,1.0,0.0
0.2675677239894867,1.0,0.0
0.2689782381057739,1.0,0.0
0.27047160267829895,1.0,0.0
0.27183428406715393,1.0,0.0
0.2732158303260803,1.0,0.0
0.274649977684021,1.0,0.0
0.27604323625564575,1.0,0.0
0.2774460017681122,1.0,0.0
0.2788601219654083,1.0,0.0
0.2803418040275574,1.0,0.0
0.281683087348938,1.0,0.0
0.2830955684185028,1.0,0.0
0.2845104932785034,1.0,0.0
0.28591620922088623,1.0,0.0
0.2873236835002899,1.0,0.0
0.2887420058250427,1.0,0.0
0.29015594720840454,1.0,0.0
0.2916106879711151,1.0,0.0
0.2929968237876892,1.0,0.0
0.29439252614974976,1.0,0.0
0.29579925537109375,1.0,0.0
0.2972027063369751,1.0,0.0
0.2986146807670593,1.0,0.0
0.3000359535217285,1.0,0.0
0.3015178442001343,1.0,0.0
0.3028530180454254,1.0,0.0
0.304343581199646,1.0,0.0
0.2962879538536072,1.0,0.0
0.2884834110736847,1.0,0.0
0.27992022037506104,1.0,0.0
0.2722739279270172,1.0,0.0
0.2641046643257141,1.0,0.0
0.25599905848503113,1.0,0.0
0.24781319499015808,1.0,0.0
0.23953762650489807,1.0,0.0
0.23153144121170044,1.0,0.0
0.22340700030326843,1.0,0.0
0.21480925381183624,1.0,0.0
0.2071792334318161,1.0,0.0
0.19902916252613068,1.0,0.0
0.1909194141626358,1.0,0.0
0.1827370822429657,1.0,0.0
0.1745879203081131,1.0,0.0
0.16626666486263275,1.0,0.0
0.15822607278823853,1.0,0.0
0.15013043582439423,1.0,0.0
0.14204123616218567,1.0,0.0
0.13320471346378326,1.0,0.0
0.12577368319034576,1.0,0.0
0.11700033396482468,1.0,0.0
0.10926919430494308,1.0,0.0
0.10149829089641571,1.0,0.0
0.4000000059604645,0.0,1.0
0.4002091884613037,0.0,1.0
0.4004390239715576,0.0,1.0
0.370638370513916,0.0,1.0
0.37842312455177307,0.0,1.0
0.38665908575057983,0.0,1.0
0.3940313458442688,0.0,1.0
0.4021703898906708,0.0,1.0
0.4095991849899292,0.0,1.0
0.4212774634361267,1.0,0.0
0.4190404415130615,1.0,0.0
0.4167994558811188,1.0,0.0
0.4145765006542206,1.0,0.0
0.42243194580078125,0.0,1.0
0.43008753657341003,0.0,1.0
0.4379693865776062,0.0,1.0
0.43719878792762756,1.0,0.0
0.43643414974212646,1.0,0.0
0.4356493651866913,1.0,0.0
0.4370824992656708,1.0,0.0
0.43856674432754517,1.0,0.0
0.4400254786014557,1.0,0.0
0.4415231943130493,1.0,0.0
0.4429512023925781,1.0,0.0
0.4444241225719452,1.0,0.0
0.4459540843963623,1.0,0.0
0.4473683834075928,1.0,0.0
0.4488357901573181,1.0,0.0
0.45030298829078674,1.0,0.0
0.4517704248428345,1.0,0.0
0.4532356560230255,1.0,0.0
0.4547053873538971,1.0,0.0
0.4561712145805359,1.0,0.0
0.45764318108558655,1.0,0.0
0.4591219425201416,1.0,0.0
0.460578590631485,1.0,0.0
0.46204614639282227,1.0,0.0
0.46354803442955017,1.0,0.0
0.46498334407806396,1.0,0.0
0.4665340781211853,1.0,0.0
0.46792155504226685,1.0,0.0
0.4693811535835266,1.0,0.0
0.4709247946739197,1.0,0.0
0.4723767638206482,1.0,0.0
0.4737938344478607,1.0,0.0
0.47526007890701294,1.0,0.0
0.4767240583896637,1.0,0.0
0.4781992733478546,1.0,0.0
0.4796585440635681,1.0,0.0
0.4811423420906067,1.0,0.0
0.48269206285476685,1.0,0.0
0.4840732514858246,1.0,0.0
0.48558852076530457,1.0,0.0
0.48701515793800354,1.0,0.0
0.4884769320487976,1.0,0.0
0.48993736505508423,1.0,0.0
0.4914150536060333,1.0,0.0
0.4928741455078125,1.0,0.0
0.49435123801231384,1.0,0.0
0.49582406878471375,1.0,0.0
0.4972913861274719,1.0,0.0
0.49875640869140625,1.0,0.0
0.5002288222312927,1.0,0.0
0.5016907453536987,1.0,0.0
0.5031576752662659,1.0,0.0
0.5046368837356567,1.0,0.0
0.5060978531837463,1.0,0.0
0.5075677037239075,1.0,0.0
0.5090988278388977,1.0,0.0
0.510508120059967,1.0,0.0
0.5119742155075073,1.0,0.0
0.5134389996528625,1.0,0.0
0.5149074196815491,1.0,0.0
0.5149074196815491,1.0,0.0
0.5149074196815491,1.0,0.0
0.5163750052452087,1.0,0.0
0.5178442597389221,1.0,0.0
0.5143001079559326,1.0,0.0
0.510755181312561,1.0,0.0
0.5072064399719238,1.0,0.0
0.5036857724189758,1.0,0.0
0.5001206994056702,1.0,0.0
0.49658897519111633,1.0,0.0
0.49303221702575684,1.0,0.0
0.48941653966903687,1.0,0.0
0.4857310652732849,1.0,0.0
0.48238712549209595,1.0,0.0
0.47886455059051514,1.0,0.0
0.4753054678440094,1.0,0.0
0.47178107500076294,1.0,0.0
0.4667190909385681,1.0,0.0
0.46175044775009155,1.0,0.0
0.45671606063842773,1.0,0.0
0.4516899883747101,1.0,0.0
0.44666388630867004,1.0,0.0
0.4416714906692505,1.0,0.0
0.4366859197616577,1.0,0.0
0.43164265155792236,1.0,0.0
0.42665690183639526,1.0,0.0
0.42161718010902405,1.0,0.0
0.41664689779281616,1.0,0.0
0.41157370805740356,1.0,0.0
0.40659892559051514,1.0,0.0
0.4030100703239441,1.0,0.0
0.3994857966899872,1.0,0.0
0.3959704339504242,1.0,0.0
0.3923950493335724,1.0,0.0
0.3888775706291199,1.0,0.0
0.38531309366226196,1.0,0.0
0.3816632032394409,1.0,0.0
0.3782212436199188,1.0,0.0
0.37468665838241577,1.0,0.0
0.3711501359939575,1.0,0.0
0.3675867021083832,1.0,0.0
0.3640625774860382,1.0,0.0
0.3605017364025116,1.0,0.0
0.356926292181015,1.0,0.0
0.353409081697464,1.0,0.0
0.34988564252853394,1.0,0.0
0.346317857503891,1.0,0.0
0.3412356674671173,1.0,0.0
0.3363175392150879,1.0,0.0
0.3312789797782898,1.0,0.0
0.3262627124786377,1.0,0.0
0.32123860716819763,1.0,0.0
0.31618010997772217,1.0,0.0
0.3112076222896576,1.0,0.0
0.30623531341552734,1.0,0.0
0.30122455954551697,1.0,0.0
0.2961719036102295,1.0,0.0
0.2912001609802246,1.0,0.0
0.28615015745162964,1.0,0.0
0.2811652421951294,1.0,0.0
0.27612969279289246,1.0,0.0
0.2708931267261505,1.0,0.0
0.266101598739624,1.0,0.0
0.26111528277397156,1.0,0.0
0.2561036944389343,1.0,0.0
-0.4000000059604645,1.0,0.0
-0.40498650074005127,1.0,0.0
-0.41002321243286133,1.0,0.0
-0.41502755880355835,1.0,0.0
-0.420055091381073,1.0,0.0
-0.425054669380188,1.0,0.0
-0.4300808310508728,1.0,0.0
-0.43507203459739685,1.0,0.0
-0.4400997757911682,1.0,0.0
-0.44537732005119324,1.0,0.0
-0.4501328766345978,1.0,0.0
-0.44504016637802124,0.0,1.0
-0.4400703012943268,0.0,1.0
-0.43653473258018494,0.0,1.0
-0.43301257491111755,0.0,1.0
-0.42540308833122253,0.0,1.0
-0.4179125428199768,0.0,1.0
-0.4103877544403076,0.0,1.0
-0.40282562375068665,0.0,1.0
-0.3952247202396393,0.0,1.0
-0.3874102532863617,0.0,1.0
-0.38009944558143616,0.0,1.0
-0.3725624680519104,0.0,1.0
-0.364974707365036,0.0,1.0
-0.35741281509399414,0.0,1.0
-0.3499123752117157,0.0,1.0
-0.3423011898994446,0.0,1.0
-0.3347075581550598,0.0,1.0
-0.3271818161010742,0.0,1.0
-0.3196198046207428,0.0,1.0
-0.31209781765937805,0.0,1.0
-0.3045065999031067,0.0,1.0
-0.2969798147678375,0.0,1.0
-0.28889191150665283,0.0,1.0
-0.2818627953529358,0.0,1.0
-0.2742959260940552,0.0,1.0
-0.2666001319885254,0.0,1.0
-0.25913211703300476,0.0,1.0
-0.2515961825847626,0.0,1.0
-0.24402600526809692,0.0,1.0
-0.23643819987773895,0.0,1.0
-0.22893469035625458,0.0,1.0
-0.22135770320892334,0.0,1.0
-0.21381442248821259,0.0,1.0
-0.2062150239944458,0.0,1.0
-0.19832424819469452,0.0,1.0
-0.19109469652175903,0.0,1.0
-0.18351265788078308,0.0,1.0
-0.17600588500499725,0.0,1.0
-0.16836929321289062,0.0,1.0
-0.1608790010213852,0.0,1.0
-0.1533072143793106,0.0,1.0
-0.1457441747188568,0.0,1.0
-0.1381392776966095,0.0,1.0
-0.13061252236366272,0.0,1.0
-0.12258709967136383,0.0,1.0
-0.11548718065023422,0.0,1.0
-0.10795849561691284,0.0,1.0
-0.10034533590078354,0.0,1.0
-0.10324734449386597,1.0,0.0
-0.11064434796571732,1.0,0.0
-0.11813565343618393,1.0,0.0
-0.12583017349243164,1.0,0.0
-0.13299429416656494,1.0,0.0
-0.14084570109844208,1.0,0.0
-0.14788806438446045,1.0,0.0
-0.15537218749523163,1.0,0.0
-0.2181803584098816,0.0,1.0
-0.21856585144996643,0.0,1.0
-0.21891693770885468,0.0,1.0
-0.21925567090511322,0.0,1.0
-0.21962964534759521,0.0,1.0
-0.2199910581111908,0.0,1.0
-0.2203301042318344,0.0,1.0
-0.22068743407726288,0.0,1.0
-0.22106525301933289,0.0,1.0
-0.22140377759933472,0.0,1.0
-0.22176361083984375,0.0,1.0
-0.22212012112140656,0.0,1.0
-0.22247914969921112,0.0,1.0
-0.22283770143985748,0.0,1.0
-0.22321295738220215,0.0,1.0
-0.2235536128282547,0.0,1.0
-0.2239099144935608,0.0,1.0
-0.22426986694335938,0.0,1.0
-0.2246263474225998,0.0,1.0
-0.22498615086078644,0.0,1.0
-0.22535409033298492,0.0,1.0
-0.2257024198770523,0.0,1.0
-0.22606134414672852,0.0,1.0
-0.22641824185848236,0.0,1.0
-0.22677719593048096,0.0,1.0
-0.2271343320608139,0.0,1.0
-0.22749456763267517,0.0,1.0
-0.22784842550754547,0.0,1.0
-0.2253008484840393,0.0,1.0
-0.22276553511619568,0.0,1.0
-0.22023877501487732,0.0,1.0
-0.21772253513336182,0.0,1.0
-0.21521520614624023,0.0,1.0
-0.21266110241413116,0.0,1.0
-0.2101507931947708,0.0,1.0
-0.20746688544750214,0.0,1.0
-0.20885711908340454,0.0,1.0
-0.2103157341480255,0.0,1.0
-0.2117844521999359,0.0,1.0
-0.2132626324892044,0.0,1.0
-0.21472668647766113,0.0,1.0
-0.21617993712425232,0.0,1.0
-0.21767254173755646,0.0,1.0
-0.21911993622779846,0.0,1.0
-0.2205975353717804,0.0,1.0
-0.21705053746700287,0.0,1.0
-0.21351391077041626,0.0,1.0
-0.20978417992591858,0.0,1.0
-0.20643199980258942,0.0,1.0
-0.20287750661373138,0.0,1.0
-0.19922783970832825,0.0,1.0
-0.19578967988491058,0.0,1.0
-0.192234069108963,0.0,1.0
-0.1885099560022354,0.0,1.0
-0.18514123558998108,0.0,1.0
-0.18160364031791687,0.0,1.0
-0.1780632883310318,0.0,1.0
-0.1745322197675705,0.0,1.0
-0.17097429931163788,0.0,1.0
-0.1674334704875946,0.0,1.0
-0.16371466219425201,0.0,1.0
-0.16029712557792664,0.0,1.0
-0.15679407119750977,0.0,1.0
-0.1532524973154068,0.0,1.0
-0.14970733225345612,0.0,1.0
-0.14615607261657715,0.0,1.0
-0.1424897462129593,0.0,1.0
-0.13903875648975372,0.0,1.0
-0.13551482558250427,0.0,1.0
-0.13196802139282227,0.0,1.0
-0.1284039318561554,0.0,1.0
-0.1248759776353836,0.0,1.0
-0.12134387344121933,0.0,1.0
-0.11781518906354904,0.0,1.0
-0.1142583042383194,0.0,1.0
-0.11064746230840683,0.0,1.0
-0.10715454071760178,0.0,1.0
-0.10360302776098251,0.0,1.0
-0.10006658732891083,0.0,1.0
